,subject,block,trial,effect,target,key,choice,choice_tcd,rt,pA,pB,pC,mA,mB,mC,pos_A,pos_B,pos_C,pA_top,pB_top,pC_top,fixated_alternatives,fixated_attributes,fixation_durations,predicted_choice,model,rep
6300,31,1,1,compromise,B,R,0,competitor,19540.0,0.78,0.62,0.55,7,14,35,2,0,1,False,True,True,"[2 1 1 2 2 2 1 1 1 1 2 2 0 0 0 0 0 2 2 1 1 1 0 0 2 1 1 1 1 1 1 2 2 0 0 0 0
 1 1 1 1 1 1 1 1 1 1 1 1 0 0]","[0 0 1 1 1 0 0 1 0 0 0 1 0 1 1 0 0 0 0 1 1 0 1 1 1 0 1 0 0 0 1 1 0 1 1 0 0
 1 1 0 1 1 1 0 0 0 1 1 0 1 1]","[0.158    0.559    1.076    0.2      0.116    0.25     0.592    0.317
 0.183    0.692    0.392    0.216    1.318    0.15     0.609    0.133
 0.2      0.108    0.801    0.116    0.325    0.308    0.083    0.275
 0.191    0.241    0.433    0.358    0.692    0.091    0.675    0.216
 0.25     0.408    0.35     0.375    0.275    0.125    0.141    0.6
 0.083    0.559    0.484    0.592    0.125    0.116    0.25     0.183
 0.475    0.2      0.066507]",0,sb_int-additive_comp-vsmean_gbatt-true_gbalt-false_lk-none_inh-free,0
6301,31,1,2,filler,,L,2,,9060.0,0.28,0.67,0.78,35,14,12,2,1,0,True,False,True,[1 2 2 2 2 2 2 2 2 2 2 0 0 0 0 0 0 1 1 2 2 2 2 1 1 2 2 2 2],[1 0 1 0 0 1 1 0 0 0 0 1 1 0 0 1 1 1 1 1 1 0 0 1 1 1 1 0 0],"[0.191    0.183    0.4      0.3      0.15     0.133    0.408    0.2
 0.392    0.091    0.534    0.166    0.183    0.784    0.458    0.225
 0.2      0.191    0.993    0.166    0.233    0.208    0.158    0.125
 0.183    0.333    0.15     0.116    0.320449]",2,sb_int-additive_comp-vsmean_gbatt-true_gbalt-false_lk-none_inh-free,0
6302,31,1,3,attraction,A,L,0,target,23230.0,0.78,0.68,0.76,6,15,5,0,2,1,False,False,False,"[2 0 0 0 2 2 1 1 1 1 2 0 0 0 2 1 1 1 1 0 0 1 1 1 0 0 0 1 1 0 0 0 0 0 1 1 2
 2 2 2 2 0 0 2 1 0 0 2 2 2 0 0 0 2 2 2 0 0 0 0 0 2 1 1 1 2 0 2 0 0 0]","[1 1 0 0 0 0 0 1 1 1 1 1 0 0 0 0 0 1 1 1 1 1 1 0 0 1 1 1 1 1 1 0 0 1 1 1 1
 0 0 1 1 1 1 0 0 0 1 1 1 0 0 1 1 1 0 1 1 1 0 0 0 0 0 0 1 1 1 1 1 0 1]","[0.141    0.166    0.125    0.3      0.158    0.1      0.367    0.15
 0.659    0.408    0.308    0.684    0.166    0.458    0.216    0.484
 0.3      0.792    0.458    0.2      1.076    0.141    0.267    0.3
 0.175    0.258    0.175    0.275    0.3      0.158    0.267    0.2
 0.191    0.191    0.216    0.809    0.175    0.15     0.233    0.125
 0.575    0.091    0.375    0.266    0.216    0.258    1.101    0.091
 0.258    0.183    0.233    0.133    0.492    0.308    0.15     0.417
 0.283    0.141    0.083    0.308    0.175    0.375    0.166    0.125
 0.4      0.125    0.258    0.459    0.233    0.183    0.116372]",0,sb_int-additive_comp-vsmean_gbatt-true_gbalt-false_lk-none_inh-free,0
6303,31,1,4,compromise,B,R,1,target,26170.0,0.75,0.68,0.55,6,14,34,0,2,1,False,False,False,"[2 0 0 0 0 0 0 2 1 2 2 2 2 1 0 0 0 0 0 0 0 1 1 1 1 0 0 1 1 1 0 2 2 2 2 2 2
 0 0 0 0 1 1 1 1 1 1 1 1 1 1 1 1 1 1 1 1 1 1 1 2 1 1 0 0 1 0 0 0 1 1 2 2 2
 1 1]","[1 1 1 1 0 1 1 1 1 1 0 0 1 1 1 1 0 0 1 1 1 1 0 0 1 0 0 0 1 1 1 1 1 0 0 0 1
 0 1 0 0 1 1 1 1 0 0 0 1 1 0 0 0 0 1 1 0 0 0 1 1 0 0 0 1 1 1 1 0 0 1 1 0 0
 0 1]","[0.141    0.15     0.116    0.133    0.467    0.091    0.15     0.375
 0.492    0.208    0.191    0.175    0.342    0.392    0.191    0.141
 0.392    0.742    0.867    0.35     0.367    0.951    0.216    0.116
 0.3      0.241    0.1      0.208    0.283    0.091    0.292    0.158
 0.225    0.183    0.283    0.158    0.275    0.392    0.984    0.15
 0.1      0.308    0.675    0.2      0.367    0.1      0.776    0.225
 0.108    0.392    0.091    0.383    0.258    0.133    0.208    0.842
 0.116    0.534    0.467    0.35     0.308    0.108    0.2      0.2
 0.35     0.333    0.133    1.443    0.275    0.158    0.125    0.308
 0.183    0.175    0.175    0.418942]",0,sb_int-additive_comp-vsmean_gbatt-true_gbalt-false_lk-none_inh-free,0
6304,31,1,5,attraction,B,L,1,target,15260.0,0.72,0.68,0.66,7,14,13,1,0,2,True,True,True,"[1 1 1 1 2 2 2 0 0 0 1 1 0 0 1 1 1 0 0 0 1 2 2 2 2 2 2 2 0 1 1 1 1 2 2 1 1
 1 2 2 1 1 0 0 0 0 0 1 1 0 0 1 1 1]","[0 0 1 0 0 0 1 1 0 0 0 0 0 1 1 0 1 1 0 0 0 0 0 1 1 0 1 1 1 1 1 0 0 0 0 0 1
 1 1 0 0 0 0 0 1 0 0 0 0 0 1 1 0 0]","[0.083    0.383    0.483    0.25     0.175    0.175    0.4      0.242
 0.3      0.776    0.166    0.342    0.166    0.342    0.333    0.267
 0.458    0.383    0.183    0.116    0.717    0.141    0.292    0.116
 0.225    0.192    0.083    0.141    0.141    0.458    0.175    0.15
 0.125    0.141    0.158    0.141    0.191    0.2      0.425    0.1
 0.275    0.091    0.191    0.166    0.333    0.292    0.158    0.108
 0.317    0.25     0.258    0.2      0.166    0.300681]",0,sb_int-additive_comp-vsmean_gbatt-true_gbalt-false_lk-none_inh-free,0
6305,31,1,6,attraction,B,L,0,competitor,18390.0,0.72,0.62,0.6,7,15,14,0,2,1,True,False,True,"[2 0 0 0 2 1 1 1 1 1 2 0 0 0 2 2 0 0 0 0 2 2 2 2 2 1 1 1 1 0 0 0 1 1 1 1 0
 2 2 2 2 1 2 2 1 1 1 1 2 2 2 2 1 1 2 2 0 0 0 0 0 0 2 1 2 0 1 1 0 0 0]","[0 0 1 1 1 0 0 1 1 1 0 0 0 1 1 0 1 1 0 1 0 1 1 1 1 0 0 1 1 0 1 0 1 1 0 0 1
 1 1 0 0 1 1 1 0 1 0 0 1 1 1 0 1 1 0 0 0 0 1 1 0 1 1 0 0 0 1 1 0 1 0]","[0.191    0.2      0.25     0.283    0.291    0.15     0.141    0.175
 0.108    0.125    0.158    0.342    0.158    0.191    0.175    0.267
 0.125    0.525    0.325    0.216    0.292    0.191    0.208    0.233
 0.225    0.083    0.483    0.141    0.15     0.216    0.217    0.267
 0.125    0.258    0.2      0.1      0.192    0.191    0.125    0.191
 0.475    0.191    0.133    0.125    0.35     0.275    0.083    0.25
 0.158    0.383    0.125    0.325    0.091    0.258    0.258    0.191
 0.417    0.133    0.175    0.192    0.308    0.275    0.175    0.35
 0.158    0.116    0.091    0.191    0.191    0.208    0.363454]",0,sb_int-additive_comp-vsmean_gbatt-true_gbalt-false_lk-none_inh-free,0
6306,31,1,7,compromise,A,L,0,target,21030.0,0.78,0.65,0.82,7,14,5,0,2,1,True,True,True,"[2 0 0 2 2 1 1 1 2 0 0 0 0 2 2 0 0 0 0 0 0 0 0 2 1 0 2 2 2 2 1 1 1 0 0 1 1
 1 1 2 2 2 0 0 0 0 0 0 0 2 0 0 2 2 2 0 0 0 0 0 0 0]","[0 0 1 1 1 1 1 0 0 0 1 0 0 0 1 1 0 0 1 1 0 1 1 1 1 1 1 0 0 1 1 0 1 1 0 0 0
 1 1 1 1 0 0 0 1 1 0 0 1 1 1 1 1 1 0 0 1 0 0 1 0 0]","[0.158    0.125    0.141    0.083    0.225    0.15     0.133    0.317
 0.2      0.25     1.076    0.091    0.592    0.325    0.383    0.559
 0.333    1.593    0.141    0.409    0.834    0.1      0.325    0.241
 0.342    0.325    0.266    0.133    0.375    0.216    0.333    0.342
 0.375    0.266    0.208    0.166    0.183    0.116    0.183    0.609
 0.158    0.392    0.517    0.208    0.4      0.091    0.091    0.266
 0.2      0.417    0.225    0.116    0.083    0.116    0.208    0.158
 0.317    0.291    0.342    0.475    0.241    0.287488]",2,sb_int-additive_comp-vsmean_gbatt-true_gbalt-false_lk-none_inh-free,0
6307,31,1,8,compromise,B,R,0,competitor,13620.0,0.72,0.62,0.55,7,14,35,2,1,0,True,True,True,"[1 2 2 2 2 2 1 1 0 2 2 1 1 0 0 0 1 2 2 2 1 1 1 2 2 2 1 1 0 0 0 1 1 1 1 1 0
 0 0 0 1 1 0 2 2 2 2 2 0 0 0]","[0 0 0 0 1 1 1 1 1 1 1 1 1 1 0 0 0 0 1 1 1 1 0 0 0 1 1 1 1 0 0 0 0 0 1 1 1
 0 0 1 0 1 1 1 1 0 0 1 1 0 0]","[0.158    0.475    0.217    0.125    0.15     0.208    0.183    0.233
 0.325    0.141    0.141    0.083    0.225    0.317    0.1      0.125
 0.192    0.433    0.634    0.1      0.108    0.35     0.333    0.183
 0.108    0.325    0.1      0.158    0.675    0.217    0.216    0.508
 0.3      0.175    0.258    0.45     0.35     0.108    0.125    0.258
 0.192    0.108    0.2      0.175    0.083    0.291    0.083    0.275
 0.141    0.525    0.054586]",0,sb_int-additive_comp-vsmean_gbatt-true_gbalt-false_lk-none_inh-free,0
6308,31,1,9,attraction,B,L,0,competitor,13370.0,0.72,0.62,0.6,7,14,13,0,2,1,True,True,False,"[2 0 0 0 0 0 0 2 2 2 0 0 2 2 1 1 2 2 0 0 0 1 1 1 2 2 2 2 1 1 1 2 2 1 2 2 0
 0 0 2 2 1 1 0 0 0 0]","[1 0 1 0 0 0 0 0 0 1 1 1 1 1 0 0 0 0 1 0 0 1 1 0 1 0 0 0 1 1 1 1 1 0 0 0 1
 0 0 1 1 1 1 1 0 0 1]","[0.083    0.158    0.275    0.116    0.851    0.417    0.258    0.108
 0.175    0.175    0.225    0.533    0.217    0.133    0.083    0.767
 0.183    0.258    0.225    0.217    0.141    0.158    0.358    0.108
 0.817    0.325    0.183    0.175    0.35     0.367    0.141    0.083
 0.308    0.333    0.225    0.091    0.191    0.192    0.659    0.141
 0.266    0.108    0.083    0.1      0.091    0.308    0.272689]",0,sb_int-additive_comp-vsmean_gbatt-true_gbalt-false_lk-none_inh-free,0
6309,31,1,10,compromise,A,R,2,decoy,11300.0,0.75,0.62,0.88,7,15,4,0,1,2,True,False,True,"[1 0 0 0 0 0 1 0 1 1 1 2 2 2 1 1 0 0 1 1 1 1 1 0 0 0 0 2 2 2 2 0 2 2 1 1 2
 2 2]","[1 0 1 1 1 1 1 0 0 0 1 1 0 0 1 1 1 0 1 0 0 0 1 0 1 0 0 0 0 1 1 1 0 0 1 1 1
 0 1]","[0.166    0.175    0.216    0.091    0.091    0.325    0.408    0.292
 0.25     0.158    0.342    0.358    0.408    0.158    0.192    0.183
 0.266    0.65     0.258    0.192    0.275    0.116    0.175    0.267
 0.133    0.158    0.166    0.367    0.15     0.242    0.083    0.233
 0.292    0.133    0.108    0.559    0.383    0.417    0.048034]",2,sb_int-additive_comp-vsmean_gbatt-true_gbalt-false_lk-none_inh-free,0
6310,31,1,11,filler,,L,2,,10370.0,0.27,0.61,0.89,37,16,11,2,1,0,True,False,False,"[1 2 2 2 1 1 0 0 0 1 2 2 2 2 1 0 0 1 2 2 1 2 2 1 1 1 2 2 1 0 1 1 0 0 1 2 2
 2 2 2 2]","[1 1 0 0 0 0 1 0 0 1 1 1 0 0 0 1 0 1 1 1 0 0 0 1 0 0 1 1 1 0 0 0 1 0 1 0 1
 1 0 1 1]","[0.166    0.125    0.125    0.575    0.191    0.1      0.175    0.108
 0.183    0.208    0.358    0.116    0.4      0.3      0.1      0.225
 0.325    0.25     0.216    0.208    0.166    0.2      0.216    0.241
 0.241    0.183    0.225    0.083    0.317    0.191    0.3      0.091
 0.267    0.275    0.258    0.166    0.275    0.216    0.3      0.133
 0.119999]",2,sb_int-additive_comp-vsmean_gbatt-true_gbalt-false_lk-none_inh-free,0
6311,31,1,12,compromise,A,M,2,decoy,14010.0,0.75,0.62,0.88,6,15,5,0,2,1,True,False,False,"[2 0 0 0 0 0 0 0 0 2 2 1 2 2 2 2 2 0 0 0 2 2 1 1 2 2 2 2 0 0 0 0 0 0 0 2 1
 1 1 1 2 2 2]","[1 0 1 0 0 0 0 1 0 1 1 1 1 1 0 0 0 0 0 1 1 1 1 1 1 0 0 1 0 0 1 0 0 1 1 1 1
 0 0 1 1 0 1]","[0.158    0.358    0.492    0.141    0.333    0.834    0.567    0.525
 0.191    0.141    0.4      0.4      0.083    0.45     0.325    0.3
 0.7      0.108    0.241    0.617    0.216    0.133    0.083    0.7
 0.242    0.2      0.158    0.091    0.317    0.1      0.25     0.191
 0.2      0.133    0.125    0.183    0.3      0.2      0.241    0.317
 0.175    0.275    0.243734]",2,sb_int-additive_comp-vsmean_gbatt-true_gbalt-false_lk-none_inh-free,0
6312,31,1,13,attraction,B,M,0,competitor,18730.0,0.72,0.62,0.6,6,15,14,1,2,0,False,True,True,"[0 0 2 2 0 0 1 1 1 0 0 0 2 0 0 1 1 1 2 2 2 2 2 2 2 2 2 2 2 2 2 0 0 1 1 1 2
 2 2 2 1 1 1 1 1 0 0 0 0 0 0 1 0 0 0 0 0]","[1 1 0 1 0 0 1 0 0 0 0 0 1 0 1 1 1 0 0 0 0 0 0 1 1 0 0 0 0 1 0 1 1 1 1 0 1
 0 0 1 1 0 1 1 0 1 0 1 1 0 1 0 1 1 1 1 0]","[0.242    0.108    0.208    0.509    0.358    0.183    0.517    0.2
 0.584    0.091    0.158    0.1      0.35     0.166    0.333    0.175
 0.158    0.425    0.292    0.567    0.425    0.542    0.2      0.258
 0.175    0.225    0.784    0.15     0.191    0.333    0.183    0.208
 0.517    0.191    0.133    0.308    0.4      0.425    0.2      0.317
 0.208    0.292    0.175    0.175    0.367    0.308    0.7      0.191
 0.191    0.492    0.175    0.433    0.392    0.241    0.1      0.275
 0.372748]",0,sb_int-additive_comp-vsmean_gbatt-true_gbalt-false_lk-none_inh-free,0
6313,31,1,14,compromise,B,R,0,competitor,25230.0,0.75,0.62,0.58,7,14,35,2,1,0,True,True,True,"[1 2 2 2 2 2 2 2 2 2 2 2 1 1 1 0 0 0 0 0 1 2 2 2 2 2 2 2 2 1 1 0 0 0 1 2 2
 2 2 2 2 1 1 0 0 1 1 1 1 1 1 1 0 0 0 0 2 2 2 2 1 1 1 2 2 1 1 1 1 1 0 1 1 1
 1 0 0 1 1 1 1 0 0]","[0 0 1 1 1 0 0 1 0 0 1 1 1 0 0 0 1 1 0 0 0 0 0 1 1 1 0 0 0 0 1 0 0 0 0 0 0
 1 1 0 0 0 1 1 1 1 0 0 1 1 0 0 1 1 0 0 1 1 0 0 0 0 0 0 1 1 0 0 0 0 0 0 1 0
 1 1 0 0 1 0 0 0 1]","[0.15     0.083    0.183    0.083    0.125    0.375    0.241    0.35
 0.258    0.333    0.2      0.108    0.35     0.191    0.333    0.225
 0.175    0.258    0.175    0.116    0.166    0.534    0.175    0.133
 0.901    0.158    0.216    0.425    0.442    0.4      0.408    0.133
 0.133    0.609    0.258    0.308    0.25     0.133    0.508    0.175
 0.275    0.233    0.383    0.158    0.642    0.208    0.383    0.125
 0.225    0.333    0.233    0.258    0.141    0.425    0.45     0.158
 0.133    0.125    0.492    0.367    0.2      0.392    0.208    0.208
 0.35     0.125    0.216    0.283    0.2      0.158    0.4      0.2
 0.759    0.15     0.083    0.35     0.333    0.266    0.35     0.25
 0.091    0.15     0.301187]",0,sb_int-additive_comp-vsmean_gbatt-true_gbalt-false_lk-none_inh-free,0
6314,31,1,15,compromise,A,L,0,target,22130.0,0.78,0.68,0.85,6,15,4,0,2,1,True,True,False,"[2 0 1 1 1 2 0 0 0 0 0 2 2 2 2 2 1 1 1 1 1 1 2 0 0 0 0 0 0 0 0 0 2 2 0 2 2
 0 0 1 0 0 0 0 1 1 1 1 1 1 0 0 1 1 0 0 0 1 1 2 2 2 2 2 0 0 0 0 0]","[1 0 0 1 1 1 0 0 1 0 1 0 1 1 1 1 0 1 1 0 0 1 0 0 0 0 1 0 0 1 1 0 0 0 1 0 1
 0 0 0 0 0 1 0 1 0 0 1 1 1 1 1 0 0 1 1 0 1 0 1 1 0 0 1 0 1 1 0 0]","[0.166  0.208  0.433  0.258  0.108  0.125  0.375  0.45   0.625  0.242
 0.292  0.392  0.258  0.242  0.333  0.125  0.517  0.3    0.216  0.3
 0.25   0.216  0.183  0.392  0.484  0.191  0.6    0.108  0.575  0.517
 1.059  0.325  0.15   0.358  0.325  0.3    0.267  0.083  0.1    0.65
 0.417  0.15   0.183  0.292  0.2    0.158  0.375  0.125  0.517  0.091
 0.091  0.333  0.141  0.158  0.091  0.141  0.158  0.158  0.166  0.317
 0.275  0.15   0.25   0.3    0.258  0.116  0.325  0.258  0.4006]",2,sb_int-additive_comp-vsmean_gbatt-true_gbalt-false_lk-none_inh-free,0
6315,31,1,16,compromise,A,R,0,target,17160.0,0.78,0.68,0.88,7,15,4,2,0,1,False,False,False,"[2 1 1 1 1 2 0 2 1 1 1 1 1 1 2 2 2 2 2 0 0 0 0 0 0 0 0 0 1 1 1 1 1 1 1 1 1
 1 1 1 1 1 1 1 1 1 1 0 0 0 0 0 0 2 2 2 0 0]","[1 1 1 0 0 0 0 0 0 0 0 0 1 1 1 1 0 0 1 1 0 1 1 0 1 1 0 0 1 1 0 0 0 1 0 0 1
 1 0 0 0 1 1 0 0 1 1 1 1 1 0 0 1 1 0 0 1 1]","[0.217    0.175    0.158    0.208    0.166    0.183    0.609    0.141
 0.183    0.283    0.325    0.166    0.108    0.75     0.367    0.158
 0.091    0.091    0.15     0.417    0.392    0.275    0.951    0.25
 0.801    0.191    0.183    0.216    0.141    0.275    0.333    0.083
 0.125    0.425    0.191    0.191    0.534    0.3      0.1      0.408
 0.116    0.266    0.266    0.233    0.116    0.325    0.317    0.108
 0.1      0.275    0.233    0.108    0.216    0.417    0.192    0.392
 0.158    0.309869]",2,sb_int-additive_comp-vsmean_gbatt-true_gbalt-false_lk-none_inh-free,0
6316,31,1,17,attraction,A,R,0,target,22480.0,0.72,0.65,0.7,7,15,6,2,0,1,False,False,False,"[2 1 1 1 1 1 1 1 1 2 2 2 2 0 2 1 1 2 0 0 0 0 2 1 0 0 2 1 1 1 1 2 0 0 0 2 2
 2 2 2 2 0 0 0 0 2 0 0 0 2 2 2 2 0 0 2 2 2 1 1 1 1 2 2 0 2 0 0]","[1 1 1 0 0 1 1 0 0 0 1 1 0 0 0 0 1 1 1 0 0 1 1 1 1 1 1 1 1 0 0 0 0 0 1 1 1
 0 0 1 1 1 1 0 0 0 0 0 1 1 0 1 1 1 0 0 1 1 1 0 0 1 1 1 1 1 1 1]","[0.166    0.266    0.158    0.167    0.275    0.325    1.243    0.208
 0.125    0.191    0.417    0.2      0.45     0.367    0.183    0.4
 0.433    0.267    0.375    0.125    0.267    0.183    0.266    0.333
 0.2      0.333    0.183    0.425    0.308    0.125    0.191    0.191
 0.292    0.2      0.233    0.308    0.534    0.183    0.358    0.166
 0.258    1.86     0.091    0.292    0.167    0.342    0.275    0.116
 0.467    0.183    0.183    0.45     0.15     0.325    0.292    0.2
 0.2      0.2      0.183    0.125    0.275    0.266    0.166    0.166
 0.225    0.116    0.258    0.265261]",0,sb_int-additive_comp-vsmean_gbatt-true_gbalt-false_lk-none_inh-free,0
6317,31,1,18,attraction,A,R,0,target,24880.0,0.75,0.68,0.73,6,14,5,2,0,1,True,True,True,"[2 1 0 0 1 1 1 2 1 1 1 2 2 0 0 0 0 2 2 2 2 1 1 2 0 0 2 0 0 1 1 1 1 1 1 1 1
 1 1 1 2 1 1 1 1 1 1 1 1 1 1 1 1 1 2 0 0 2 1 0 2 2 2 0 2 2 2 0 0 0 2 2 2 1
 1 1 0 0 0 0]","[0 0 0 0 1 1 0 0 0 0 1 0 0 0 1 0 0 0 0 1 1 1 0 1 1 0 0 0 0 0 0 1 1 0 0 0 0
 1 1 0 0 1 1 0 0 0 0 0 1 1 0 0 1 1 1 1 1 1 1 0 0 1 1 1 1 0 0 0 0 1 1 0 1 1
 0 1 0 1 0 0]","[0.166    0.133    0.083    0.183    0.15     0.258    0.325    0.325
 0.525    0.367    0.3      0.216    0.141    0.559    0.383    0.383
 0.141    0.1      0.258    0.258    0.1      0.317    0.183    0.266
 0.375    0.417    0.809    0.216    0.1      0.116    0.3      0.133
 0.358    0.35     0.15     0.241    0.191    0.175    0.183    0.283
 0.35     0.417    0.425    0.1      0.367    0.292    0.1      0.15
 0.283    0.091    0.2      0.191    0.333    0.208    0.258    0.2
 0.175    0.383    0.191    0.425    0.375    0.258    0.217    0.292
 0.1      0.2      0.158    0.1      0.342    0.425    0.383    0.826
 0.358    0.133    0.383    0.433    0.133    0.2      0.609    0.299217]",2,sb_int-additive_comp-vsmean_gbatt-true_gbalt-false_lk-none_inh-free,0
6318,31,1,19,compromise,A,M,2,decoy,8109.999999999999,0.78,0.68,0.88,6,15,5,2,0,1,False,False,True,[2 1 1 2 0 2 2 2 2 2 1 2 2 2 2 0 0 0 0 0 1 1 1 1 2 2 2 2],[0 1 0 0 1 0 0 1 1 1 1 0 0 0 1 0 0 1 1 0 0 0 1 1 0 1 1 0],"[0.317    0.208    0.642    0.383    0.675    0.083    0.091    0.225
 0.275    0.2      0.258    0.108    0.25     0.183    0.175    0.2
 0.183    0.166    0.2      0.2      0.183    0.166    0.1      0.609
 0.425    0.275    0.166    0.272407]",2,sb_int-additive_comp-vsmean_gbatt-true_gbalt-false_lk-none_inh-free,0
6319,31,1,20,attraction,B,M,1,target,23320.0,0.72,0.62,0.6,7,15,14,2,1,0,False,True,True,"[1 1 2 2 2 2 1 0 0 0 0 1 1 2 2 2 2 2 2 2 2 2 2 2 1 1 0 0 0 1 0 1 0 0 1 0 0
 1 0 0 0 1 1 1 0 0 1 1 1 1 2 2 2 2 1 1 2 1 2 2 2 1 1 1 2 1 1 2 2 1 1 1 1 1
 1 1 0 0 0 1 1 1]","[0 0 0 0 1 1 1 0 0 1 1 0 0 0 1 1 1 1 1 1 1 0 0 0 1 1 0 1 0 1 0 0 1 1 1 0 1
 0 1 0 0 1 0 1 0 1 0 0 1 1 1 1 0 0 1 1 1 0 0 0 1 0 0 1 0 0 0 1 1 1 0 0 0 0
 1 1 0 1 0 1 0 0]","[0.191    0.125    0.108    0.225    0.158    0.083    0.325    0.141
 0.158    0.2      0.275    0.267    0.183    0.292    0.267    0.258
 0.784    0.425    0.317    0.467    0.792    0.25     0.083    0.217
 0.166    0.233    0.258    0.408    0.333    0.392    0.217    0.333
 0.133    0.125    0.392    0.375    0.35     0.408    0.383    0.133
 0.183    0.242    0.316    0.383    0.225    0.25     0.091    0.125
 0.166    0.308    0.108    0.175    0.25     0.108    0.133    0.166
 0.166    0.383    0.133    0.208    0.083    0.183    0.125    0.267
 0.158    0.183    0.241    0.258    0.091    0.225    0.3      0.175
 0.2      0.367    0.233    0.35     0.225    0.333    0.141    0.517
 0.225    0.151714]",0,sb_int-additive_comp-vsmean_gbatt-true_gbalt-false_lk-none_inh-free,0
6320,31,1,21,compromise,A,R,2,decoy,20700.0,0.78,0.68,0.82,7,15,5,1,0,2,False,False,False,"[0 1 1 1 0 2 2 1 1 1 0 2 2 0 1 1 1 1 1 1 1 1 1 1 1 0 1 1 1 1 1 0 2 0 0 0 2
 2 2 2 2 0 0 1 1 1 0 0 2 2 0 0 2 2 2 2 0 0 0 2 0 0 2 2 2]","[1 1 0 0 0 0 0 0 1 1 1 1 0 0 0 0 1 1 1 0 0 0 0 1 1 1 0 0 0 1 1 1 1 1 1 1 1
 0 0 1 1 0 0 0 0 1 1 0 0 0 0 1 1 1 1 0 0 1 1 1 0 0 0 1 1]","[0.191    0.133    0.2      0.175    0.2      0.233    0.091    0.3
 0.375    0.675    0.392    0.567    0.1      0.208    0.1      0.267
 0.3      0.133    0.083    0.292    0.166    0.266    0.759    0.083
 0.55     0.383    0.083    0.175    0.183    0.125    0.358    0.392
 0.509    0.325    0.408    0.183    0.317    0.2      0.25     0.208
 0.166    0.133    0.217    0.6      0.166    0.417    0.559    0.625
 0.291    0.158    0.116    1.193    0.35     0.158    0.517    0.342
 0.133    0.125    0.333    0.125    0.208    0.1      0.133    0.083
 0.263127]",2,sb_int-additive_comp-vsmean_gbatt-true_gbalt-false_lk-none_inh-free,0
6321,31,1,22,compromise,B,M,0,competitor,9760.0,0.72,0.68,0.52,7,15,35,1,0,2,True,False,True,[0 1 1 1 0 2 2 1 1 1 1 1 0 0 0 0 1 0 1 1 2 2 2 2 2 0 0 0 0],[0 1 0 0 0 1 1 0 0 1 1 0 0 1 1 0 1 1 1 1 0 0 1 1 0 0 0 1 0],"[0.166    0.358    0.217    0.291    0.859    0.358    0.125    0.2
 0.125    0.258    0.175    0.358    0.483    0.108    0.292    0.266
 0.158    0.233    0.083    0.225    0.175    0.475    0.208    0.283
 0.292    0.15     0.417    0.383    0.976698]",1,sb_int-additive_comp-vsmean_gbatt-true_gbalt-false_lk-none_inh-free,0
6322,31,1,23,compromise,B,M,0,competitor,15700.0,0.72,0.65,0.58,6,15,34,1,0,2,False,True,True,"[0 1 1 1 2 2 2 2 2 2 2 2 0 0 0 1 1 1 1 1 1 1 1 1 1 0 0 0 0 0 0 1 0 2 0 0 0
 0 0 2 2 2 2 0 0 0 1 1 0 0 0]","[1 0 0 1 0 0 1 1 0 0 1 1 0 1 1 0 0 1 1 1 0 1 1 0 0 0 1 1 0 0 1 0 1 0 1 1 1
 0 0 1 1 0 1 0 0 0 1 0 1 0 1]","[0.166    0.2      0.141    0.2      0.275    0.242    0.125    0.292
 0.183    0.141    0.225    0.108    0.2      0.492    0.225    0.166
 0.191    0.408    0.35     0.258    0.225    0.208    0.15     0.292
 0.667    0.35     0.392    0.158    0.242    0.191    0.15     0.425
 0.242    0.367    0.108    0.534    0.175    0.525    0.091    0.317
 0.108    0.517    0.442    0.083    0.125    0.158    0.308    0.2
 0.258    0.283    0.353835]",0,sb_int-additive_comp-vsmean_gbatt-true_gbalt-false_lk-none_inh-free,0
6323,31,1,24,compromise,A,M,0,target,13220.0,0.78,0.62,0.85,7,14,4,1,0,2,False,False,True,[0 1 1 0 1 0 2 2 2 2 2 2 2 2 2 2 1 1 1 1 1 1 0 0 0 0 1 1 1 1 1 1 1 1 1 0],[1 1 1 1 1 1 0 0 1 1 0 0 0 0 1 1 1 1 0 0 1 1 1 0 0 1 1 1 0 0 0 0 1 1 1 1],"[0.15     0.225    0.183    0.342    2.294    0.417    0.283    0.191
 0.133    0.283    0.208    0.475    0.475    0.35     0.133    0.317
 0.183    0.191    0.217    0.158    0.291    0.15     0.325    0.216
 0.091    0.242    0.258    0.158    0.141    0.308    0.166    0.283
 0.116    0.759    0.367    0.972633]",0,sb_int-additive_comp-vsmean_gbatt-true_gbalt-false_lk-none_inh-free,0
6324,31,1,25,compromise,B,R,1,target,24010.0,0.72,0.68,0.58,6,15,35,1,2,0,True,True,False,"[0 2 2 2 2 2 2 1 1 1 1 1 0 0 0 0 1 1 1 1 0 2 2 2 0 0 0 0 0 0 0 1 1 1 1 2 2
 2 2 0 1 0 0 2 0 1 1 0 0 0 0 1 1 1 1 1 0 1 1 0 0 0 1 1 1 0 0 2 0 0 2 2 2 1
 1]","[0 1 0 0 1 0 0 0 0 1 0 0 0 1 1 1 1 0 0 0 0 1 0 1 0 1 1 0 1 1 0 1 0 0 0 1 0
 0 0 0 1 0 1 1 0 0 0 0 1 1 0 0 0 0 0 0 0 0 1 1 0 0 1 1 0 0 0 1 1 1 1 0 0 0
 0]","[0.158    0.208    0.333    0.133    0.292    0.091    0.275    0.116
 0.175    0.375    0.208    0.108    0.433    0.266    0.759    0.533
 0.342    0.25     0.275    0.116    0.166    0.584    0.75     0.2
 0.258    0.684    0.15     0.484    0.158    0.533    0.358    0.342
 0.208    0.266    0.15     0.258    0.166    0.934    0.842    0.433
 0.7      0.166    0.217    0.125    0.333    0.166    0.25     0.25
 0.225    0.133    0.392    0.25     0.2      0.175    0.408    0.217
 0.175    0.158    0.433    0.083    0.116    0.233    0.192    0.091
 0.275    0.192    0.083    0.308    0.183    0.1      0.292    0.267
 0.233    0.116    0.346993]",0,sb_int-additive_comp-vsmean_gbatt-true_gbalt-false_lk-none_inh-free,0
6325,31,1,26,attraction,B,L,0,competitor,13670.0,0.75,0.62,0.6,6,15,14,0,1,2,True,False,False,"[0 0 1 1 2 0 0 0 1 0 1 1 1 2 2 2 1 1 1 1 1 2 2 2 1 1 1 1 1 1 1 0 0 0 1 1 1
 2 1 1 0 0 0 0 0]","[0 1 1 1 1 0 1 1 1 0 1 0 0 0 1 1 1 1 0 0 1 0 0 1 1 1 0 0 0 1 0 1 0 0 1 0 0
 0 1 1 0 0 0 1 0]","[0.225    0.55     0.183    0.166    0.458    0.141    0.183    0.091
 0.125    0.2      0.35     0.158    0.183    0.2      0.158    0.183
 0.108    0.208    0.225    0.175    0.242    0.141    0.183    0.358
 0.217    0.158    0.158    0.191    0.325    0.492    0.183    0.25
 0.183    0.2      0.267    0.183    0.166    0.133    0.2      0.392
 0.6      0.275    0.225    0.3      0.612969]",0,sb_int-additive_comp-vsmean_gbatt-true_gbalt-false_lk-none_inh-free,0
6326,31,1,27,attraction,B,L,0,competitor,15080.0,0.75,0.68,0.66,6,14,13,0,2,1,False,True,True,"[2 0 0 0 2 1 1 2 0 0 0 0 0 2 2 2 2 0 0 0 2 1 1 1 2 2 0 0 0 2 2 0 0 2 2 1 1
 1 2 2 0 0 0 0 2 2 2 2 1 1 0 0 0 0]","[0 1 0 0 1 1 0 0 1 1 0 0 1 1 0 0 0 1 1 0 1 1 0 0 0 0 1 0 0 0 0 1 0 1 0 0 0
 0 0 0 1 1 0 0 1 0 0 0 0 0 0 0 1 0]","[0.158 0.216 0.183 0.217 0.408 0.258 0.2   0.091 0.208 0.141 0.191 0.367
 0.225 0.266 0.275 0.4   0.434 0.692 0.166 0.133 0.292 0.45  0.208 0.133
 0.141 0.166 0.208 0.367 0.2   0.3   0.233 0.442 0.358 0.225 0.4   0.175
 0.2   0.3   0.241 0.125 0.183 0.083 0.25  0.275 0.283 0.225 0.083 0.383
 0.183 0.125 0.125 0.158 0.3   0.208]",1,sb_int-additive_comp-vsmean_gbatt-true_gbalt-false_lk-none_inh-free,0
6327,31,1,28,attraction,A,L,0,target,12570.0,0.75,0.65,0.73,7,14,6,0,1,2,True,False,True,"[1 0 0 1 2 2 1 0 1 1 0 0 0 1 2 2 2 2 0 0 0 0 0 0 0 2 2 2 0 0 1 1 1 1 1 0 2
 1 0 0 0 0]","[1 0 1 0 1 0 1 0 0 0 1 0 0 1 1 1 0 0 0 0 1 0 0 0 0 0 0 1 1 1 1 1 0 0 1 1 1
 1 0 1 1 0]","[0.183    0.266    0.35     0.158    0.3      0.267    0.083    0.425
 0.258    0.141    0.183    0.675    0.175    0.283    0.225    0.25
 0.158    0.108    0.45     0.141    0.717    0.116    0.509    0.45
 0.116    0.275    0.125    0.242    0.108    0.383    0.141    0.208
 0.158    0.333    0.367    0.158    0.216    0.125    0.166    0.191
 0.1      0.183442]",2,sb_int-additive_comp-vsmean_gbatt-true_gbalt-false_lk-none_inh-free,0
6328,31,1,29,attraction,A,R,2,decoy,20750.0,0.72,0.65,0.7,6,15,5,0,1,2,True,True,True,"[1 0 0 1 2 1 0 1 2 2 1 0 0 0 0 1 1 0 0 1 0 0 0 0 0 1 2 2 2 2 2 2 1 0 0 1 2
 1 1 2 2 1 1 1 2 2 2 0 0 2 1 0 0 0 0 1 2 2 1 1 1 1 0 0 1 1 2 2 2 2 2 1 1 2]","[0 0 1 1 1 1 1 1 1 0 0 0 0 1 1 1 0 0 1 1 1 1 0 0 1 1 1 1 0 0 1 1 1 1 1 1 0
 0 0 0 1 0 0 1 1 0 0 0 1 1 0 0 0 0 0 0 0 0 0 0 1 1 1 1 0 0 0 0 1 1 0 0 1 0]","[0.166    0.175    0.258    0.2      0.325    0.55     0.217    0.308
 0.3      0.258    0.208    0.258    0.183    0.191    0.217    0.459
 0.509    0.383    0.192    0.258    0.091    0.275    0.275    0.308
 0.175    0.1      0.292    0.242    0.442    0.375    0.125    0.166
 0.216    0.191    0.375    0.183    0.141    0.375    0.191    0.242
 0.125    0.141    0.15     0.517    0.2      0.358    0.108    0.283
 0.267    0.158    0.133    0.45     0.125    0.15     0.183    0.083
 0.133    0.141    0.166    0.375    0.433    0.383    0.267    0.141
 0.125    0.483    0.108    0.216    0.166    0.091    0.258    0.584
 0.15     0.303044]",0,sb_int-additive_comp-vsmean_gbatt-true_gbalt-false_lk-none_inh-free,0
6329,31,1,30,compromise,A,R,2,decoy,14460.0,0.75,0.65,0.85,7,15,5,1,0,2,False,True,True,"[0 1 1 0 1 1 1 0 0 2 2 0 2 2 0 1 1 1 1 1 1 1 1 1 1 1 0 2 2 0 0 2 1 2 2 2 2
 2 2 2 0 0 1 0 2 2 0 2 2]","[1 0 1 0 1 1 0 1 1 0 1 0 0 0 1 0 0 1 1 1 0 0 1 1 1 1 1 0 0 0 0 1 0 0 0 0 1
 1 0 0 1 0 0 0 1 0 1 0 0]","[0.141   0.141   0.2     0.308   0.233   0.425   0.325   0.091   0.1
 0.317   0.225   0.216   0.208   0.183   0.275   0.459   0.25    0.166
 0.7     0.542   0.125   0.634   0.458   0.216   0.2     0.141   0.358
 0.225   0.659   0.116   0.1     0.35    0.166   0.141   0.342   0.191
 0.166   0.116   0.125   0.167   0.25    0.191   0.392   0.133   0.116
 0.2     0.125   0.2     0.01734]",2,sb_int-additive_comp-vsmean_gbatt-true_gbalt-false_lk-none_inh-free,0
6330,31,1,31,compromise,B,M,0,competitor,9020.0,0.75,0.62,0.58,6,15,34,1,2,0,False,False,True,[2 2 2 2 2 2 0 0 0 2 2 2 0 0 0 0 0 0 1 1 1 1 0 0 0 0],[0 0 1 1 0 0 1 0 0 1 1 0 1 1 0 0 1 0 1 1 0 0 1 1 1 0],"[0.091    0.241    0.367    0.183    0.2      0.108    0.291    0.091
 0.083    0.442    0.108    0.283    0.283    0.25     0.375    0.342
 0.867    0.183    0.216    0.316    0.167    0.192    0.141    1.418
 0.225    0.124527]",0,sb_int-additive_comp-vsmean_gbatt-true_gbalt-false_lk-none_inh-free,0
6331,31,1,32,compromise,A,R,2,decoy,12640.0,0.72,0.68,0.82,7,15,4,1,0,2,False,False,False,"[0 1 1 1 1 1 1 1 1 1 1 0 2 2 1 2 2 2 1 1 0 0 0 0 1 1 1 1 1 2 2 2 2 2 2 0 1
 1 1 1 1 2 2 2]","[1 1 0 0 0 1 1 0 0 1 1 1 1 1 1 0 1 1 1 1 1 0 1 1 1 0 0 0 1 1 1 0 0 1 1 1 1
 1 0 0 1 1 0 0]","[0.091 0.342 0.317 0.4   0.166 0.242 0.675 0.133 0.317 0.175 0.375 0.25
 0.125 0.266 0.183 0.559 0.116 0.133 0.15  0.375 0.267 0.383 0.233 0.091
 0.133 0.241 0.216 0.133 0.116 0.15  0.325 0.133 0.175 0.191 0.125 0.358
 0.425 0.375 0.317 0.242 0.2   0.5   0.167 0.283]",2,sb_int-additive_comp-vsmean_gbatt-true_gbalt-false_lk-none_inh-free,0
6332,31,1,33,compromise,A,M,0,target,19780.0,0.78,0.65,0.82,7,14,4,1,2,0,True,False,True,"[0 2 2 2 0 1 1 1 1 1 1 0 1 0 0 2 2 0 1 0 2 1 1 1 0 0 0 0 2 2 2 2 2 2 2 2 2
 2 2 0 0 1 0 0 2 2 2 2 0 0 0 0 0 0 0 0 1 1 1 1 0 0 0 0]","[0 0 1 1 1 0 0 1 1 1 0 1 0 1 0 1 1 1 0 0 0 1 1 1 0 1 1 0 0 0 1 0 0 1 0 0 0
 0 0 1 1 0 1 0 1 1 1 0 0 0 1 1 0 0 1 1 0 0 1 1 0 1 0 0]","[0.166    0.183    0.225    0.133    0.2      0.108    0.216    0.216
 0.183    0.166    0.208    0.35     0.242    0.183    0.292    0.675
 0.417    0.492    0.4      0.266    0.266    0.175    0.225    0.258
 0.317    0.091    0.784    0.35     0.317    0.116    0.283    0.367
 0.116    0.266    0.208    0.116    0.258    0.508    0.867    0.141
 0.283    0.408    0.2      0.192    0.158    0.458    0.1      0.15
 0.192    0.166    0.225    0.692    0.667    0.2      0.125    0.183
 0.183    0.158    0.483    0.141    0.175    0.383    0.317    0.072424]",0,sb_int-additive_comp-vsmean_gbatt-true_gbalt-false_lk-none_inh-free,0
6333,31,1,34,compromise,A,L,0,target,18960.0,0.72,0.65,0.82,7,15,4,0,1,2,False,True,False,"[1 0 0 0 1 2 2 1 0 0 0 0 0 1 1 2 2 2 0 0 0 0 1 1 1 1 1 1 1 2 2 2 2 2 1 1 0
 0 0 0 0 1 1 1 1 0 0 0 0 2 2 2 2 2 0 0 0 2 2 2 0 0 0 0]","[0 1 0 0 1 0 1 0 1 1 0 0 0 0 0 0 0 0 1 1 0 0 1 0 0 0 0 0 1 1 1 0 0 1 1 0 1
 0 0 1 1 0 0 1 1 1 1 0 0 0 1 0 0 1 1 0 0 0 0 1 1 0 0 1]","[0.133    0.175    0.158    0.208    0.308    0.208    0.25     0.258
 0.266    0.166    0.192    0.684    0.342    0.2      0.175    0.216
 0.267    0.116    0.158    0.233    0.183    0.208    0.45     0.133
 0.275    0.241    0.717    0.166    0.968    0.483    0.133    0.141
 0.241    0.15     0.125    0.208    0.408    0.559    0.141    0.133
 0.166    0.233    0.809    0.208    0.383    0.225    0.233    0.108
 0.158    0.125    0.358    0.25     0.116    0.25     0.191    0.225
 0.192    0.158    0.1      0.317    0.133    0.091    0.241    0.439817]",2,sb_int-additive_comp-vsmean_gbatt-true_gbalt-false_lk-none_inh-free,0
6334,31,1,35,attraction,A,L,0,target,13420.0,0.72,0.65,0.7,6,15,5,0,2,1,True,False,False,"[2 0 0 0 0 0 2 2 1 1 1 1 2 2 2 2 1 1 1 1 1 2 0 0 2 2 2 0 2 2 0 0 1 1 1 1 1
 1 1 1 0 0 0 0 0 0 0 2 0 2 2 0 0]","[1 0 0 1 1 1 0 0 1 0 0 1 1 0 0 1 1 0 0 0 1 1 1 0 0 0 1 1 0 0 1 0 1 1 0 0 1
 1 0 1 0 0 1 1 0 0 1 1 0 0 1 0 0]","[0.091    0.308    0.158    0.1      0.175    0.083    0.133    0.091
 0.192    0.217    0.083    0.35     0.283    0.292    0.108    0.375
 0.191    0.15     0.208    0.091    0.25     0.15     0.317    0.342
 0.091    0.158    0.283    0.275    0.2      0.116    0.25     0.408
 0.216    0.166    0.091    0.325    0.2      0.275    0.191    0.2
 0.133    0.191    0.108    0.2      0.108    0.266    0.317    0.258
 0.358    0.275    0.242    0.45     0.117054]",0,sb_int-additive_comp-vsmean_gbatt-true_gbalt-false_lk-none_inh-free,0
6335,31,1,36,filler,,M,2,,19160.0,0.27,0.47,0.86,37,21,11,2,0,1,False,True,True,"[2 1 1 1 1 2 1 1 1 1 1 1 1 1 1 2 0 0 2 1 1 2 2 1 1 1 1 1 1 2 2 2 0 0 0 0 0
 2 2 2 2 2 2 0 0 0 0 0 1 1 1 1 0 0 0 0 1 2 2]","[0 0 1 1 1 1 0 0 0 0 1 1 0 1 1 1 0 0 0 0 1 1 0 0 0 0 0 0 0 0 0 1 0 1 1 0 0
 0 0 1 1 0 0 1 1 1 0 0 0 0 1 0 1 1 0 0 1 1 0]","[0.108    0.141    0.133    0.292    0.125    0.275    0.208    0.508
 0.233    0.166    0.333    0.392    0.425    0.108    0.4      0.308
 0.166    0.25     0.133    0.15     0.575    0.175    0.909    0.192
 0.2      0.225    0.317    0.275    0.133    0.241    0.575    0.141
 0.35     0.2      0.292    0.192    0.266    0.108    0.133    0.166
 0.358    0.433    0.233    0.417    0.625    0.275    0.2      0.859
 0.125    0.125    0.333    0.308    0.292    0.233    0.1      0.233
 0.2      0.183    0.751293]",2,sb_int-additive_comp-vsmean_gbatt-true_gbalt-false_lk-none_inh-free,0
6336,31,1,37,compromise,B,M,0,competitor,10570.0,0.72,0.62,0.58,6,14,35,1,2,0,False,False,False,[0 2 2 2 2 2 0 2 2 0 1 1 1 1 0 0 0 0 0 1 1 1 1 1 1 0 0 0 0 1 1 1 1 1 0 0 0],[1 1 0 0 0 1 1 0 0 0 0 0 1 1 1 0 0 0 1 1 0 0 0 1 1 1 0 0 1 1 0 0 1 1 1 0 1],"[0.116    0.266    0.208    0.108    0.3      0.5      0.375    0.292
 0.2      0.375    0.225    0.167    0.175    0.191    0.275    0.216
 0.191    0.258    0.283    0.417    0.233    0.125    0.108    0.375
 0.083    0.383    0.175    0.141    0.158    0.575    0.116    0.233
 0.116    0.125    0.4      0.392    0.307151]",0,sb_int-additive_comp-vsmean_gbatt-true_gbalt-false_lk-none_inh-free,0
6337,31,1,38,attraction,A,M,0,target,10010.0,0.75,0.65,0.73,7,15,6,1,0,2,True,True,True,[0 1 1 0 2 2 0 0 0 1 1 1 0 2 2 0 0 1 1 0 0 2 2 2 0 0 2 1 1 1 1 1 1 0 0],[0 0 1 1 1 0 0 1 0 0 1 1 1 1 0 0 1 1 0 0 0 0 1 1 1 0 0 0 0 1 0 1 1 1 0],"[0.208    0.4      0.308    0.241    0.4      0.116    0.192    0.191
 0.167    0.5      0.141    0.1      0.2      0.275    0.266    0.258
 0.192    0.258    0.183    0.091    0.191    0.342    0.125    0.166
 0.4      0.275    0.175    0.233    0.141    0.358    0.383    0.141
 0.175    0.175    0.611427]",0,sb_int-additive_comp-vsmean_gbatt-true_gbalt-false_lk-none_inh-free,0
6338,31,1,39,attraction,B,L,0,competitor,11800.0,0.78,0.65,0.63,6,15,14,0,1,2,True,False,False,"[1 0 0 0 0 0 0 0 0 0 1 2 2 1 1 0 0 0 0 0 1 1 1 2 2 2 1 1 1 1 1 1 1 1 1 1 2
 2 2 2 1 0 0 0]","[1 0 1 1 0 0 0 0 1 1 0 0 1 1 1 0 1 1 0 0 1 0 0 0 0 1 1 0 0 1 1 1 0 0 0 1 1
 0 0 1 1 0 1 0]","[0.116    0.183    0.25     0.308    0.3      0.2      0.216    0.175
 0.317    0.108    0.141    0.158    0.35     0.158    0.091    0.4
 0.108    0.325    0.15     0.191    0.283    0.191    0.208    0.183
 0.158    0.325    0.275    0.208    0.141    0.325    0.158    0.141
 0.308    0.291    0.275    0.475    0.317    0.133    0.166    0.225
 0.208    0.166    0.208    0.452773]",0,sb_int-additive_comp-vsmean_gbatt-true_gbalt-false_lk-none_inh-free,0
6339,31,1,40,filler,,R,2,,8660.0,0.29,0.42,0.72,34,23,13,0,1,2,True,True,False,[1 0 0 0 0 1 1 1 1 1 1 2 2 2 2 2 2 2 2 1 1 0 1 1 1 0 1 2 2 2 1 2 2 2 2],[0 0 0 0 1 1 1 0 0 0 0 0 0 1 1 0 0 1 1 0 1 1 1 0 0 0 0 1 0 0 0 1 1 0 0],"[0.116   0.083   0.275   0.15    0.367   0.283   0.125   0.183   0.458
 0.233   0.183   0.192   0.167   0.175   0.233   0.141   0.15    0.208
 0.158   0.141   0.308   0.375   0.15    0.158   0.55    0.383   0.275
 0.158   0.2     0.1     0.2     0.108   0.183   0.083   0.29172]",2,sb_int-additive_comp-vsmean_gbatt-true_gbalt-false_lk-none_inh-free,0
6340,31,1,41,compromise,B,M,1,target,15400.0,0.72,0.68,0.58,7,14,35,0,1,2,False,True,True,"[1 0 0 0 1 2 1 0 0 0 0 1 1 1 2 2 1 1 2 1 1 1 1 0 0 0 1 1 0 0 0 0 0 0 0 1 0
 1 0 1 1 0 1 0 0 1 1]","[0 1 0 0 1 1 1 1 1 0 0 1 0 0 0 0 0 1 1 1 0 0 1 1 0 0 1 0 1 1 0 0 1 0 0 1 1
 1 1 1 1 0 0 0 0 0 0]","[0.183    0.158    0.216    0.1      0.275    0.35     0.175    0.15
 0.325    0.183    0.976    0.525    0.1      0.408    0.125    0.467
 0.241    0.2      0.517    0.191    0.141    0.116    0.333    0.2
 0.241    0.091    0.258    0.3      0.475    0.742    0.083    0.433
 0.592    0.166    0.317    0.375    0.517    0.242    0.367    0.141
 0.225    0.091    0.25     0.233    0.141    0.392    0.184974]",0,sb_int-additive_comp-vsmean_gbatt-true_gbalt-false_lk-none_inh-free,0
6341,31,1,42,attraction,A,R,0,target,21580.0,0.72,0.62,0.7,7,15,6,2,0,1,False,True,True,"[2 1 1 1 0 0 0 2 2 2 1 1 2 2 2 0 0 0 0 0 0 0 0 0 2 2 0 1 1 1 1 1 1 0 0 0 0
 0 1 1 1 1 1 0 0 2 2 2 2 2 2 2 2 2 2 2 2 0 2 0 0 0 0 0 2 2 2 2]","[0 0 0 1 0 0 1 0 1 1 1 0 0 0 1 0 1 1 1 0 0 1 1 0 0 1 1 0 0 1 1 0 0 1 0 0 1
 1 0 0 1 0 1 0 1 0 1 1 1 0 0 1 1 0 1 1 0 1 0 0 1 0 0 1 0 1 1 0]","[0.1   0.108 0.125 0.508 0.141 0.208 0.342 0.216 0.108 0.233 0.367 0.4
 0.158 0.233 0.425 0.266 0.734 0.275 0.133 0.192 0.233 0.242 0.458 0.141
 0.267 0.166 0.266 0.267 0.216 0.283 0.65  0.258 0.083 0.901 0.308 0.125
 0.167 0.1   0.55  0.367 0.867 0.617 0.192 0.3   0.367 0.275 0.367 0.3
 0.158 0.091 0.283 0.208 0.525 0.25  0.083 0.292 0.191 0.408 0.2   0.208
 0.325 0.3   0.116 0.191 0.225 0.208 0.125 0.158]",2,sb_int-additive_comp-vsmean_gbatt-true_gbalt-false_lk-none_inh-free,0
6342,31,1,43,attraction,A,M,0,target,16690.0,0.75,0.65,0.73,7,14,6,1,0,2,True,True,False,"[0 1 1 0 2 2 1 1 1 1 0 0 0 2 0 0 0 1 1 1 1 1 1 0 0 0 2 2 2 2 0 0 2 2 2 0 0
 0 2 2 2 2 2 0 0 0 0 0 2 0 2 2 2 2 0 0]","[0 0 1 1 0 1 0 0 1 1 1 0 0 0 1 1 0 0 1 0 0 1 1 1 0 0 1 1 0 0 1 1 1 1 0 1 1
 0 1 1 0 1 1 1 0 0 1 1 1 0 0 0 1 1 1 0]","[0.125    0.175    0.258    0.175    0.217    0.25     0.1      0.342
 0.233    0.183    0.475    0.25     0.342    0.475    0.258    0.2
 0.458    0.267    0.425    0.091    0.291    0.083    0.308    0.3
 0.291    0.6      0.083    0.225    0.266    0.308    0.191    0.166
 0.484    0.125    0.367    0.083    0.3      0.308    0.175    0.275
 0.408    0.091    0.183    0.283    0.275    0.166    0.108    0.15
 0.275    0.408    0.208    0.158    0.141    0.25     0.15     0.670635]",0,sb_int-additive_comp-vsmean_gbatt-true_gbalt-false_lk-none_inh-free,0
6343,31,1,44,filler,,M,2,,17390.0,0.24,0.37,0.76,41,27,13,0,2,1,False,True,False,"[2 0 0 2 1 1 2 2 1 1 2 2 0 0 2 1 1 1 2 2 0 0 1 1 2 2 2 0 0 2 2 2 1 1 1 0 0
 0 0 0 0 0 1 2 2 2 1 2]","[1 1 0 0 1 0 1 0 1 1 1 1 1 1 0 0 0 0 1 1 0 0 1 1 0 1 1 1 0 0 1 1 0 1 1 0 1
 1 0 0 0 1 0 0 1 1 1 1]","[0.125    0.15     0.241    0.525    0.216    0.751    0.408    0.383
 0.35     0.141    0.2      0.183    0.175    0.283    0.4      0.266
 0.325    0.125    0.15     0.317    0.4      0.467    0.225    0.417
 0.475    0.225    0.275    0.367    0.726    0.275    0.233    0.225
 0.851    0.141    0.208    0.183    0.776    0.125    0.175    0.208
 0.542    0.317    0.467    0.225    0.208    0.15     0.242    0.242392]",2,sb_int-additive_comp-vsmean_gbatt-true_gbalt-false_lk-none_inh-free,0
6344,31,1,45,compromise,B,L,0,competitor,14700.0,0.72,0.65,0.55,6,15,35,0,1,2,True,True,False,"[1 0 0 1 2 2 2 2 1 1 1 1 0 0 0 1 1 2 1 1 1 1 0 0 1 0 2 2 0 0 1 1 2 2 1 1 2
 1 1 1 1 0 1 1 1 0 0 1 0 0 0]","[0 0 1 1 0 0 1 1 1 1 0 0 0 0 1 1 1 1 1 1 0 0 0 1 1 1 1 1 0 0 0 0 0 0 0 0 1
 1 1 0 1 1 1 0 0 0 1 1 1 0 0]","[0.166    0.141    0.325    0.191    0.2      0.208    0.333    0.091
 0.192    0.216    0.258    0.116    0.175    0.125    1.276    0.191
 0.433    0.442    0.108    0.15     0.225    0.125    0.267    0.258
 0.325    0.4      0.175    0.108    0.408    0.216    0.216    0.208
 0.217    0.166    0.2      0.191    0.525    0.133    0.225    0.367
 0.275    0.3      0.15     0.183    0.091    0.342    0.408    0.317
 0.116    0.25     0.278509]",0,sb_int-additive_comp-vsmean_gbatt-true_gbalt-false_lk-none_inh-free,0
6345,31,1,46,compromise,A,M,2,decoy,8230.0,0.75,0.68,0.88,6,15,5,2,0,1,False,False,True,[1 2 2 0 1 2 2 2 2 2 0 0 0 2 2 2 1 1 1 1 0 0 0 0 1 1 1 1 2 2 2 2 2],[1 0 0 1 0 0 1 1 0 0 1 0 0 1 0 0 1 0 0 1 0 0 0 1 1 1 1 0 0 0 1 1 0],"[0.325    0.116    0.267    0.358    0.333    0.191    0.242    0.342
 0.133    0.216    0.467    0.141    0.217    0.108    0.125    0.15
 0.125    0.533    0.225    0.125    0.1      0.183    0.1      0.25
 0.091    0.283    0.166    0.25     0.158    0.133    0.091    0.166
 0.114689]",1,sb_int-additive_comp-vsmean_gbatt-true_gbalt-false_lk-none_inh-free,0
6346,31,1,47,compromise,B,R,0,competitor,19560.0,0.72,0.62,0.55,7,14,35,2,1,0,True,False,False,"[1 2 2 2 1 1 0 0 1 1 2 2 2 2 2 2 1 1 1 0 0 0 2 2 2 2 2 2 2 2 2 2 2 2 2 2 2
 2 2 2 2 2 2 1 1 1 1 2 2 2 2 1 1 0 0 0 1 1 1 0 0 0 0 0 0 0]","[1 1 0 0 0 0 1 0 1 1 1 1 1 1 0 0 1 0 0 1 1 0 1 1 1 1 1 1 1 1 1 1 1 1 1 1 0
 0 1 1 1 1 1 0 0 0 0 1 1 0 0 0 1 0 0 1 0 1 1 0 1 1 0 0 1 1]","[0.116    0.1      0.1      0.175    0.266    0.183    0.15     0.308
 0.116    0.108    0.216    0.525    0.133    0.283    0.208    0.525
 0.467    0.15     0.141    0.2      0.283    0.258    0.225    0.283
 0.266    0.475    0.283    0.108    0.567    0.642    0.342    0.45
 0.242    0.475    0.292    0.183    0.183    0.968    0.233    0.375
 0.358    0.408    0.091    0.158    0.166    0.267    0.083    0.241
 0.225    0.233    0.091    0.116    0.342    0.083    0.2      0.3
 0.3      0.15     0.233    0.6      0.091    0.166    0.233    0.166
 0.241    0.270986]",0,sb_int-additive_comp-vsmean_gbatt-true_gbalt-false_lk-none_inh-free,0
6347,31,1,48,filler,,R,2,,10070.0,0.32,0.48,0.85,31,20,11,1,0,2,True,False,False,[0 1 1 0 2 1 1 1 1 1 1 1 1 1 1 1 0 2 2 2 2 0 0 0 0 0 0 0 1 1 0 2],[0 1 0 1 0 1 1 1 1 1 1 0 1 1 0 0 0 1 0 0 1 0 0 1 1 0 1 1 0 0 0 1],"[0.116    0.292    0.367    0.216    0.375    0.266    0.408    0.65
 0.45     0.091    0.241    0.458    0.358    0.458    0.108    0.091
 0.3      0.417    0.292    0.166    0.208    0.242    0.292    0.35
 0.183    0.258    0.291    0.191    0.225    0.091    0.191    0.233181]",2,sb_int-additive_comp-vsmean_gbatt-true_gbalt-false_lk-none_inh-free,0
6348,31,1,49,filler,,L,2,,12300.0,0.16,0.46,0.87,62,21,11,1,2,0,True,True,False,"[2 2 1 1 0 0 0 0 0 0 0 0 0 1 1 1 1 0 0 0 0 0 1 1 1 2 2 2 2 2 2 2 0 0 0 0 0
 0 0 0 1 1 1 1 1 1 1 2 2 2]","[1 1 0 0 0 0 1 1 1 1 1 0 1 1 1 0 0 1 1 1 1 1 1 0 0 0 0 1 1 0 0 1 0 1 1 0 0
 1 1 1 1 0 0 0 1 1 0 1 0 1]","[0.25     0.1      0.1      0.175    0.325    0.083    0.083    0.166
 0.317    0.225    0.233    0.35     0.383    0.233    0.1      0.166
 0.083    0.191    0.158    0.158    0.233    0.2      0.333    0.191
 0.175    0.108    0.408    0.317    0.191    0.116    0.25     0.166
 0.283    0.383    0.175    0.091    0.2      0.191    0.308    0.108
 0.308    0.141    0.367    0.258    0.133    0.183    0.175    0.233
 0.216    0.207416]",2,sb_int-additive_comp-vsmean_gbatt-true_gbalt-false_lk-none_inh-free,0
6349,31,1,50,attraction,A,L,0,target,23450.0,0.78,0.62,0.76,6,15,5,0,1,2,False,True,False,"[1 0 1 1 1 1 2 2 0 1 1 1 1 1 1 0 0 0 0 0 0 0 0 0 0 0 2 2 2 0 0 1 1 1 1 1 1
 2 2 2 2 0 0 0 0 0 0 0 0 2 0 0 2 2 2 2 0 2 2 1 1 2 0 0 1 1 1 1 1 0 0 1 1 1
 1 1 0]","[0 1 1 0 0 0 1 0 0 1 1 1 0 0 0 0 0 1 1 0 0 1 1 1 0 1 1 1 0 0 0 1 1 0 0 1 1
 1 1 0 1 1 0 0 1 1 0 0 1 1 1 1 0 0 1 1 1 1 1 0 0 0 0 1 0 1 1 0 0 1 1 0 0 1
 1 0 1]","[0.175    0.225    0.241    0.208    0.208    0.133    0.191    0.258
 0.25     0.158    0.392    0.158    0.241    0.342    0.158    0.166
 0.15     1.218    0.183    0.291    0.208    0.2      0.15     0.258
 0.367    0.35     0.15     0.408    0.325    0.158    0.734    0.141
 0.133    0.408    0.167    0.233    0.141    0.216    0.425    0.292
 0.15     0.158    0.242    0.233    0.25     0.308    0.208    0.158
 0.158    0.625    0.208    0.375    0.158    0.408    0.1      0.275
 0.776    0.15     0.166    0.217    0.125    0.15     0.166    0.133
 0.35     0.217    0.901    0.2      0.183    0.108    0.258    0.559
 0.125    0.183    0.225    0.392    0.391838]",0,sb_int-additive_comp-vsmean_gbatt-true_gbalt-false_lk-none_inh-free,0
6350,31,1,51,attraction,B,L,0,competitor,13930.0,0.75,0.65,0.63,6,14,13,0,1,2,False,True,True,"[1 0 0 0 2 2 2 1 1 1 2 0 0 0 0 0 0 0 0 0 0 1 2 2 1 0 2 2 2 1 1 1 2 0 0 1 1
 1 1 1 2 2 1 0 0 0]","[0 1 0 0 0 0 0 0 0 1 1 1 1 0 0 1 1 1 1 1 0 1 1 0 0 0 0 0 0 0 1 1 1 1 1 0 0
 1 1 0 0 1 1 1 1 0]","[0.158 0.2   0.283 0.15  0.15  0.35  0.425 0.141 0.242 0.275 0.667 0.133
 0.25  0.3   0.584 0.083 0.166 1.627 0.725 0.3   0.141 0.375 0.358 0.083
 0.291 0.342 0.116 0.083 0.141 0.35  0.15  0.175 0.333 0.2   0.267 0.091
 0.183 0.116 0.233 0.091 0.191 0.225 0.216 0.108 0.1   0.175]",0,sb_int-additive_comp-vsmean_gbatt-true_gbalt-false_lk-none_inh-free,0
6351,31,1,52,attraction,A,R,0,target,10840.0,0.78,0.68,0.76,7,15,6,2,1,0,False,False,False,[1 2 2 1 0 1 2 2 0 1 0 2 2 0 0 2 2 1 1 1 1 1 1 0 1 0 1 1 0 0 1 1 0 0],[1 1 1 1 1 1 1 1 1 1 1 1 1 0 0 0 1 1 1 0 0 1 1 1 1 1 1 0 0 0 1 1 1 1],"[0.125    0.175    0.45     0.358    0.5      0.225    0.258    0.15
 0.567    0.333    0.242    0.1      0.233    0.141    0.141    0.35
 0.508    0.108    0.175    0.125    0.258    0.208    0.325    0.258
 0.208    0.175    0.3      0.225    0.091    0.308    0.225    0.367
 0.116    1.084405]",2,sb_int-additive_comp-vsmean_gbatt-true_gbalt-false_lk-none_inh-free,0
6352,31,1,53,attraction,B,M,0,competitor,21100.0,0.72,0.65,0.63,7,14,13,1,0,2,False,False,True,"[0 1 1 1 1 1 0 0 2 2 2 2 2 0 1 1 0 0 0 0 2 2 2 2 0 1 1 1 0 0 0 0 0 2 2 2 2
 2 2 2 2 2 2 0 0 1 1 1 0 0 0 0 0 0 1 2 2 1 1 0 0 1 1 1 0 2 0 2 2 2 2 1 1 0
 0 0 1 1 1 0 0]","[1 1 0 0 1 1 1 1 0 0 0 1 1 1 1 1 1 1 0 0 1 0 0 0 1 0 0 0 0 1 1 0 1 0 0 1 1
 0 0 0 0 0 1 1 1 1 0 0 1 1 0 0 1 1 1 1 0 0 1 1 0 0 1 1 1 0 1 0 0 1 1 1 1 1
 1 0 0 0 1 1 0]","[0.091    0.141    0.25     0.258    0.534    0.609    0.2      0.183
 0.083    0.116    0.141    0.158    0.283    0.2      0.208    0.116
 0.291    0.141    0.275    0.233    0.216    0.266    0.125    0.125
 0.1      0.175    0.133    0.091    0.083    0.158    0.308    0.617
 0.267    0.125    0.133    0.208    0.242    0.125    0.15     0.308
 0.175    0.25     0.333    0.166    0.083    0.425    0.175    0.175
 0.283    0.15     0.267    0.217    0.133    0.233    0.333    0.317
 0.292    0.325    0.959    0.667    0.258    0.225    0.258    0.158
 0.183    0.367    0.233    0.192    0.158    0.158    0.25     0.133
 0.266    0.1      0.275    0.208    0.116    0.275    0.233    0.267
 0.127074]",0,sb_int-additive_comp-vsmean_gbatt-true_gbalt-false_lk-none_inh-free,0
6353,31,1,54,attraction,B,M,0,competitor,5420.0,0.78,0.65,0.63,7,15,14,1,0,2,True,False,False,[0 1 1 0 2 1 1 0 0 1 1 1 1 1 2 2 2 0 0],[0 1 1 0 1 0 0 0 1 1 1 0 1 1 0 1 1 1 0],"[0.158    0.241    0.141    0.208    0.317    0.158    0.267    0.1
 0.166    0.35     0.283    0.425    0.233    0.141    0.183    0.317
 0.133    0.108    0.414373]",0,sb_int-additive_comp-vsmean_gbatt-true_gbalt-false_lk-none_inh-free,0
6354,31,1,55,compromise,B,L,0,competitor,10090.0,0.75,0.65,0.55,7,14,34,0,1,2,False,False,False,"[1 1 0 0 0 0 0 1 2 2 2 1 0 0 0 1 1 1 2 2 2 1 1 1 0 0 1 1 2 2 2 2 2 2 1 0 0
 0]","[1 1 1 1 1 0 0 0 0 1 1 1 1 1 0 0 1 1 1 0 0 0 1 1 1 0 0 1 1 1 0 0 1 1 1 1 0
 1]","[0.141    0.158    0.141    0.083    0.116    0.2      0.141    0.233
 0.175    0.158    0.225    0.175    0.192    0.133    0.408    0.283
 0.275    0.183    0.375    0.208    0.166    0.292    0.233    0.208
 1.093    0.317    0.158    0.492    0.333    0.183    0.375    0.116
 0.141    0.1      0.183    0.166    0.266    0.072714]",0,sb_int-additive_comp-vsmean_gbatt-true_gbalt-false_lk-none_inh-free,0
6355,31,1,56,attraction,B,M,0,competitor,7840.0,0.78,0.65,0.63,7,15,14,1,0,2,False,True,False,[0 0 1 1 0 2 2 2 1 1 0 0 0 2 1 1 1 1 2 2 2 1 1 1 1 0],[1 0 0 0 0 1 1 1 0 0 0 0 1 1 0 0 1 1 0 0 1 0 1 0 0 1],"[0.408 0.3   1.001 0.266 0.467 0.125 0.317 0.175 0.191 0.1   0.158 0.141
 0.333 0.433 0.175 0.15  0.175 0.158 0.15  0.116 0.292 0.2   0.283 0.141
 0.141 0.483]",0,sb_int-additive_comp-vsmean_gbatt-true_gbalt-false_lk-none_inh-free,0
6356,31,1,57,attraction,B,L,0,competitor,11490.0,0.78,0.62,0.6,7,15,14,0,1,2,False,False,False,"[1 0 0 1 1 2 2 2 2 0 0 1 2 2 1 1 0 0 0 0 0 0 0 1 2 1 2 1 1 2 2 2 1 1 2 2 2
 0 0 0 0]","[1 1 0 0 0 0 0 1 1 1 0 0 0 0 1 1 0 0 1 0 0 1 1 1 1 1 1 1 1 1 0 0 0 1 1 0 0
 1 1 0 1]","[0.166  0.175  0.383  0.2    0.1    0.175  0.166  0.141  0.083  0.408
 0.325  0.317  0.191  0.15   0.166  0.308  0.1    0.133  0.625  0.191
 0.158  0.283  0.283  0.292  0.291  0.267  0.383  0.141  0.517  0.492
 0.208  0.1    0.325  0.242  0.291  0.108  0.175  0.125  0.442  0.175
 0.1901]",0,sb_int-additive_comp-vsmean_gbatt-true_gbalt-false_lk-none_inh-free,0
6357,31,1,58,compromise,B,M,0,competitor,15100.0,0.78,0.65,0.52,7,14,34,1,2,0,True,False,False,"[0 2 2 2 0 0 1 1 1 0 2 2 0 0 0 1 1 0 0 0 2 1 1 2 0 0 0 2 2 1 1 1 1 1 1 0 1
 1 0 0 0 2 2 2 0 0]","[0 1 0 0 1 1 0 1 1 0 1 1 0 0 0 0 0 1 0 0 1 1 1 1 0 1 1 0 0 0 1 1 1 1 0 0 1
 0 1 0 0 1 1 0 1 0]","[0.1      0.116    0.116    0.167    0.208    0.083    0.458    0.333
 0.166    0.183    0.158    0.492    0.083    0.625    0.108    0.191
 0.934    0.475    0.116    0.575    0.267    0.191    0.2      0.2
 0.241    0.108    0.108    0.083    0.317    0.316    0.292    0.1
 0.258    0.358    0.45     0.175    0.175    0.375    0.242    0.317
 1.393    0.3      0.342    0.183    0.167    0.185593]",0,sb_int-additive_comp-vsmean_gbatt-true_gbalt-false_lk-none_inh-free,0
6358,31,1,59,filler,,R,2,,6620.0,0.31,0.38,0.85,32,26,11,0,1,2,True,False,True,[1 0 0 1 2 2 2 2 2 2 0 1 1 0 1 0 0 0 0 1 1 2 2 2],[1 0 1 1 1 1 0 0 1 1 0 0 0 0 1 1 0 0 1 0 1 0 0 0],"[0.217    0.208    0.659    0.333    0.125    0.375    0.175    0.2
 0.1      0.225    0.342    0.225    0.25     0.2      0.4      0.325
 0.108    0.242    0.35     0.141    0.133    0.091    0.225    0.195926]",2,sb_int-additive_comp-vsmean_gbatt-true_gbalt-false_lk-none_inh-free,0
6359,31,1,60,attraction,B,L,0,competitor,15860.0,0.78,0.68,0.66,6,14,13,0,2,1,True,True,True,"[2 1 1 2 0 0 0 0 0 0 2 2 2 1 1 2 2 0 0 0 0 0 0 0 0 2 1 2 2 0 0 0 0 0 0 1 1
 1 0 1 1 0 2 2 2 2 0 0 0 2 2 0]","[0 0 1 1 1 1 0 0 0 0 0 1 1 1 0 0 0 0 1 0 0 1 0 0 1 1 1 1 1 1 1 0 0 1 0 0 1
 1 1 0 0 0 0 0 1 1 1 0 0 0 0 0]","[0.325    0.275    0.325    0.175    0.216    0.325    0.208    0.083
 0.15     0.417    0.158    0.459    0.116    0.567    0.3      0.433
 0.216    0.15     0.342    0.258    0.475    0.65     0.266    0.158
 0.241    0.133    0.609    0.116    0.183    0.267    0.358    0.158
 0.559    0.333    0.283    0.283    0.45     0.15     0.275    0.133
 0.225    0.292    0.141    0.2      0.2      0.258    0.141    0.283
 0.108    0.175    0.183    0.133547]",0,sb_int-additive_comp-vsmean_gbatt-true_gbalt-false_lk-none_inh-free,0
6360,31,1,61,attraction,A,M,0,target,6430.0,0.72,0.68,0.7,6,14,5,1,0,2,False,True,False,[0 1 0 0 2 2 0 0 1 1 0 0 2 2 2 2 0 1 1 1 1 1 0],[1 0 0 0 1 1 0 0 0 0 1 1 1 0 1 0 0 1 0 0 1 0 1],"[0.183    0.467    0.25     0.116    0.191    0.35     0.108    0.517
 0.2      0.3      0.233    0.091    0.25     0.3      0.275    0.175
 0.166    0.217    0.233    0.191    0.225    0.167    0.360964]",0,sb_int-additive_comp-vsmean_gbatt-true_gbalt-false_lk-none_inh-free,0
6361,31,1,62,compromise,B,L,1,target,8480.0,0.72,0.65,0.52,7,15,34,2,0,1,False,True,True,[2 1 1 0 1 1 0 0 0 0 0 0 2 2 2 1 1 1 1 1 0 0 1 1 1 1 0 0 1],[0 1 1 0 1 1 0 1 1 0 0 1 1 0 0 1 1 0 1 1 0 0 1 1 0 0 1 1 0],"[0.291    0.125    0.242    0.408    0.116    0.208    0.083    0.216
 0.417    0.108    0.15     0.233    0.3      0.208    0.133    0.216
 0.108    0.308    0.158    0.225    0.133    0.325    0.375    0.759
 0.175    0.15     0.692    0.158    0.276926]",0,sb_int-additive_comp-vsmean_gbatt-true_gbalt-false_lk-none_inh-free,0
6362,31,1,63,filler,,L,2,,9240.0,0.32,0.6,0.78,31,16,12,2,1,0,True,False,False,[1 2 2 2 2 2 2 0 0 0 0 0 2 2 1 2 2 1 1 1 2 1 1 2 2 2 2 2 0 0 0 0 2 2],[1 1 1 1 0 0 1 0 0 1 1 0 1 0 1 1 1 1 0 0 1 0 1 1 0 1 1 0 0 1 1 1 1 1],"[0.158   0.375   0.15    0.141   0.108   0.617   0.158   0.191   0.158
 0.433   0.125   0.125   0.191   0.258   0.25    0.15    0.15    0.191
 0.175   0.091   0.333   0.158   0.183   0.283   0.216   0.141   0.2
 0.208   0.241   0.183   0.308   0.325   0.375   0.08513]",2,sb_int-additive_comp-vsmean_gbatt-true_gbalt-false_lk-none_inh-free,0
6363,31,1,64,filler,,M,2,,9960.0,0.19,0.59,0.81,52,16,12,2,0,1,True,True,True,[2 1 1 2 0 2 0 0 0 0 0 0 0 0 1 1 1 1 1 0 2 1 1 2 0 2 0 0 0 0 0 2 2],[0 0 1 1 1 0 0 0 1 0 0 0 1 0 0 1 0 1 1 1 1 0 0 0 0 0 0 0 1 0 0 0 1],"[0.125   0.166   0.634   0.408   0.325   0.442   0.183   0.125   0.242
 0.191   0.317   0.1     0.25    0.216   0.308   0.492   0.108   0.183
 0.083   0.175   0.275   0.116   0.258   0.175   0.35    0.225   0.2
 0.192   0.383   0.141   0.15    0.442   0.42293]",2,sb_int-additive_comp-vsmean_gbatt-true_gbalt-false_lk-none_inh-free,0
6364,31,1,65,attraction,A,R,0,target,8550.0,0.75,0.65,0.73,6,15,5,2,1,0,False,False,False,[1 1 1 2 1 1 0 0 1 2 2 1 1 0 1 2 1 0 2 2 2 1 1 1 1 0],[1 0 0 0 0 0 0 1 1 1 1 1 1 1 1 1 1 0 0 1 1 1 1 0 1 1],"[0.191    0.267    0.125    0.467    0.166    0.166    0.408    0.191
 0.208    0.183    0.642    0.425    0.183    0.442    0.241    0.275
 0.158    0.225    0.35     0.5      0.208    0.141    0.241    0.317
 0.183    0.534022]",2,sb_int-additive_comp-vsmean_gbatt-true_gbalt-false_lk-none_inh-free,0
6365,31,1,66,attraction,B,L,0,competitor,7120.0,0.78,0.62,0.6,6,15,14,0,1,2,False,False,False,[1 0 0 0 1 0 0 0 1 1 2 2 1 2 2 1 1 1 2 1 1 1 1 0 0 0],[1 1 1 1 1 0 0 1 1 1 1 1 1 1 0 0 0 1 1 1 0 0 1 1 0 1],"[0.141    0.083    0.35     0.183    0.141    0.1      0.191    0.333
 0.183    0.108    0.158    0.208    0.35     0.192    0.291    0.475
 0.141    0.267    0.433    0.166    0.208    0.133    0.15     0.217
 0.191    0.386713]",0,sb_int-additive_comp-vsmean_gbatt-true_gbalt-false_lk-none_inh-free,0
6366,31,1,67,attraction,B,M,0,competitor,13600.0,0.78,0.62,0.6,6,14,13,1,2,0,True,False,True,"[0 0 0 2 2 2 0 0 1 1 1 1 0 2 2 0 0 1 2 2 2 2 1 1 0 0 0 0 0 1 1 1 1 0 1 1 1
 0 2 0 1 1 1 0 0 0 2 1 1 2 2 0 0]","[0 0 0 0 1 1 0 0 1 1 0 0 1 0 0 1 1 0 0 0 1 1 1 1 0 0 1 1 0 1 1 0 0 1 0 1 1
 0 0 0 1 1 1 0 1 1 1 0 0 0 0 0 0]","[0.158    0.108    0.158    0.183    0.233    0.484    0.25     0.166
 0.183    0.242    0.116    0.091    0.191    0.15     0.225    0.442
 0.4      0.508    0.141    0.15     0.108    0.217    0.166    0.125
 0.091    0.283    0.166    0.158    0.292    0.241    0.116    0.158
 0.283    0.6      0.216    0.383    0.175    0.108    0.308    0.333
 0.242    0.275    0.108    0.191    0.225    0.091    0.158    0.125
 0.325    0.1      0.275    0.333    0.175588]",0,sb_int-additive_comp-vsmean_gbatt-true_gbalt-false_lk-none_inh-free,0
6367,31,1,68,filler,,R,2,,5700.0,0.19,0.56,0.8,52,17,12,1,0,2,False,True,True,[0 1 1 0 2 2 2 1 1 2 0 0 1 1 2 2 0 2],[1 0 0 0 1 0 0 0 1 0 1 1 1 0 0 0 0 1],"[0.25     0.116    0.25     0.3      0.291    0.183    0.217    0.317
 0.208    0.2      0.392    0.275    0.292    0.342    0.492    0.083
 0.267    0.072012]",2,sb_int-additive_comp-vsmean_gbatt-true_gbalt-false_lk-none_inh-free,0
6368,31,1,69,compromise,A,R,2,decoy,9090.0,0.72,0.68,0.82,7,15,4,1,0,2,True,True,True,[0 1 0 0 2 2 2 0 1 0 0 0 2 2 1 1 1 1 1 1 2 2 2 2 2 2 2 2 0 0 0 0 0 2],[0 1 1 1 1 0 0 0 1 1 1 0 0 1 0 1 1 0 0 1 0 0 1 0 1 1 0 0 0 1 1 0 0 0],"[0.158    0.325    0.183    0.125    0.425    0.116    0.241    0.242
 0.283    0.208    0.083    0.35     0.216    0.2      0.308    0.258
 0.375    0.108    0.191    0.192    0.166    0.183    0.225    0.292
 0.25     0.183    0.292    0.083    0.283    0.225    0.2      0.108
 0.258    0.409335]",2,sb_int-additive_comp-vsmean_gbatt-true_gbalt-false_lk-none_inh-free,0
6369,31,1,70,attraction,A,L,0,target,7240.0,0.75,0.65,0.73,7,15,6,0,2,1,False,False,True,[2 0 2 1 1 1 0 0 0 2 2 0 2 2 2 2 2 1 1 1 0 0 0],[0 0 1 1 1 0 1 0 0 1 1 1 0 0 1 1 0 0 0 1 1 0 1],"[0.166    0.358    0.417    0.183    0.317    0.158    0.258    0.675
 0.584    0.191    0.116    0.283    0.133    0.283    0.2      0.133
 0.141    0.267    0.183    0.3      0.433    0.183    0.111649]",2,sb_int-additive_comp-vsmean_gbatt-true_gbalt-false_lk-none_inh-free,0
6370,31,1,71,compromise,A,R,2,decoy,8810.0,0.78,0.62,0.85,6,15,4,0,1,2,True,True,True,[1 0 0 1 2 2 2 2 1 0 0 1 1 2 2 2 2 2 1 1 1 0 0 0 2 2 2 2],[0 0 1 1 1 1 0 0 0 0 1 1 1 0 0 0 1 1 0 1 1 1 0 0 0 0 1 0],"[0.141    0.158    0.433    0.141    0.191    0.158    0.208    0.133
 0.367    0.792    0.667    0.166    0.166    0.3      0.191    0.1
 0.308    0.15     0.65     0.116    0.125    0.25     0.175    0.575
 0.125    0.275    0.542    0.092218]",2,sb_int-additive_comp-vsmean_gbatt-true_gbalt-false_lk-none_inh-free,0
6371,31,1,72,compromise,B,R,0,competitor,9250.0,0.72,0.68,0.55,6,14,35,2,0,1,True,True,True,[2 1 1 2 2 0 0 2 2 1 1 2 2 0 0 0 1 2 0 0 0 0 2 2 2 1 1 1 2 2 2 2 0],[0 0 0 0 0 0 1 1 1 1 1 1 1 1 0 0 0 0 0 1 0 0 0 0 1 1 0 0 0 0 1 0 0],"[0.166    0.091    0.108    0.166    0.125    0.083    0.308    0.175
 0.133    0.083    1.593    0.091    0.166    0.492    0.091    0.15
 0.625    0.083    0.2      0.15     0.267    0.183    0.183    0.208
 0.141    0.617    0.225    0.175    0.091    0.116    0.342    0.108
 0.260785]",0,sb_int-additive_comp-vsmean_gbatt-true_gbalt-false_lk-none_inh-free,0
6372,31,1,73,attraction,A,R,0,target,22000.0,0.78,0.62,0.76,7,14,6,2,1,0,False,False,True,"[2 2 1 1 1 1 0 0 1 2 2 2 1 1 0 0 2 2 1 0 1 2 2 1 1 0 0 2 2 0 0 0 0 2 2 0 0
 1 2 2 2 2 2 2 0 0 0 0 0 0 1 1 1 1 0 0 0 2 2 2 0 0 0 0 1 1 1 1 1 0 0 0 0]","[1 1 0 0 1 1 1 1 0 1 0 0 1 1 0 0 0 0 1 1 0 1 1 0 1 0 1 0 0 1 1 0 0 0 1 0 1
 1 0 1 0 1 1 0 1 1 0 0 1 1 1 0 0 1 1 1 0 1 0 1 0 1 1 1 1 0 0 0 1 1 1 0 0]","[0.091 0.233 0.216 0.158 0.15  0.217 0.283 0.1   0.317 0.35  0.375 0.4
 0.734 0.217 0.175 0.325 0.133 0.258 0.183 0.458 0.275 0.083 0.291 0.191
 0.65  0.425 0.241 0.133 0.533 0.183 0.108 0.217 0.292 0.175 0.325 0.217
 0.233 0.1   0.258 0.25  0.358 0.375 0.15  0.383 0.116 0.2   0.3   0.175
 0.266 0.283 0.291 0.208 0.225 0.242 0.233 0.325 0.342 0.325 0.358 0.4
 0.258 0.208 0.291 0.141 0.192 0.125 0.233 0.116 0.942 0.2   0.275 0.116
 0.166]",2,sb_int-additive_comp-vsmean_gbatt-true_gbalt-false_lk-none_inh-free,0
6373,31,1,74,compromise,A,M,2,decoy,7440.0,0.75,0.65,0.82,7,15,4,2,0,1,False,False,False,[2 1 1 1 2 0 2 2 0 0 1 1 0 0 2 2 0 0 0 2 1 1 1 0 2 2 2 2],[1 1 1 0 1 1 1 0 1 1 1 1 1 0 0 0 0 1 1 1 0 0 1 1 1 0 0 1],"[0.15     0.183    0.175    0.375    0.35     0.375    0.2      0.317
 0.241    0.258    0.333    0.317    0.283    0.133    0.1      0.183
 0.158    0.125    0.166    0.2      0.208    0.183    0.125    0.241
 0.2      0.116    0.133    0.508033]",2,sb_int-additive_comp-vsmean_gbatt-true_gbalt-false_lk-none_inh-free,0
6374,31,1,75,attraction,A,L,0,target,15320.0,0.72,0.65,0.7,6,14,5,0,2,1,True,False,True,"[2 0 0 1 2 2 0 0 0 0 0 0 1 1 1 1 1 2 2 2 2 2 1 2 1 2 2 0 0 0 2 2 1 1 1 1 2
 0 0 0 2 2 2 2 0 0 0 0 2 2 2 2 0 0 1 1 1 0 0 0 0]","[0 0 1 0 0 0 1 1 0 0 1 1 0 1 1 1 1 0 1 1 0 0 0 1 0 0 0 0 1 1 1 0 1 1 0 0 0
 1 0 0 0 1 1 0 0 0 1 1 0 0 1 0 0 0 0 0 1 1 1 0 0]","[0.1      0.191    0.559    0.425    0.2      0.367    0.108    0.442
 0.125    0.358    0.083    0.2      0.283    0.308    0.225    0.191
 0.2      0.225    0.183    0.325    0.367    0.192    0.125    0.258
 0.333    0.108    0.191    0.158    0.133    0.233    0.2      0.116
 0.175    0.166    0.091    0.35     0.2      0.35     0.125    0.266
 0.191    0.342    0.15     0.25     0.1      0.158    0.225    0.192
 0.158    0.15     0.258    0.217    0.091    0.275    0.15     0.158
 0.3      0.133    0.1      0.125    0.072661]",0,sb_int-additive_comp-vsmean_gbatt-true_gbalt-false_lk-none_inh-free,0
6375,31,2,76,filler,,R,2,,17760.0,0.28,0.67,0.78,35,14,12,0,1,2,True,True,True,"[1 0 0 0 0 1 1 2 2 1 1 1 2 2 2 1 1 1 1 2 2 1 1 1 1 2 2 2 2 2 2 1 1 1 1 2 1
 2 2 1 0 0 0 0 0 0 1 2 2 2 2 1 1 1 2 2 2 1]","[0 0 0 0 1 1 1 1 0 0 1 1 1 1 0 0 0 1 1 1 0 0 1 0 0 0 0 1 1 0 0 0 0 0 0 0 1
 1 0 0 0 0 1 1 0 1 1 1 1 0 0 0 1 1 1 0 0 0]","[0.208    0.158    0.258    0.116    0.308    0.083    0.333    0.425
 0.2      0.133    0.191    0.192    0.275    0.141    0.233    0.291
 0.166    0.275    0.492    0.433    0.408    0.417    0.417    0.2
 0.183    0.208    0.083    0.2      0.133    0.225    0.15     0.292
 0.275    0.158    0.1      0.191    0.35     0.233    0.45     0.116
 0.1      0.867    0.909    0.125    0.35     0.367    0.083    0.108
 0.592    0.166    0.175    0.208    0.2      0.517    0.55     0.208
 0.133    0.323915]",2,sb_int-additive_comp-vsmean_gbatt-true_gbalt-false_lk-none_inh-free,0
6376,31,2,77,attraction,B,R,0,competitor,10940.0,0.72,0.62,0.6,7,14,13,2,1,0,True,True,True,"[1 1 1 1 0 0 0 0 0 1 1 2 2 2 1 0 1 2 2 2 1 1 1 1 1 1 2 2 1 1 1 1 1 1 1 0 0
 0]","[0 0 1 1 1 0 1 0 1 1 1 1 1 0 0 0 0 0 0 1 1 0 0 1 1 0 0 1 1 1 0 0 1 1 0 0 1
 0]","[0.183    0.125    0.183    0.091    0.492    0.317    0.242    0.317
 0.383    0.15     0.175    0.191    0.141    0.125    0.216    0.392
 0.267    0.108    0.35     0.258    0.266    0.208    0.15     0.183
 0.158    0.258    0.225    0.208    0.108    0.166    0.2      0.367
 0.292    0.125    0.208    0.383    1.043    0.138003]",0,sb_int-additive_comp-vsmean_gbatt-true_gbalt-false_lk-none_inh-free,0
6377,31,2,78,attraction,B,R,0,competitor,14040.0,0.78,0.68,0.66,6,14,13,2,1,0,False,True,True,"[1 1 1 2 1 1 0 0 0 1 1 1 0 0 0 2 2 2 2 2 2 2 2 1 0 0 0 2 2 0 1 2 2 2 1 1 1
 2 2 0 1 2 2 1 1 1 0 0 0 0 0]","[0 0 1 0 1 1 0 1 1 0 1 1 0 1 1 1 1 0 0 0 0 1 1 0 1 0 0 0 0 0 1 0 0 1 0 0 0
 0 0 1 0 1 1 1 0 0 1 0 0 0 1]","[0.225   0.166   0.216   0.425   0.308   0.442   0.392   0.158   0.116
 0.333   0.15    0.25    0.25    0.158   0.25    0.15    0.175   0.1
 0.45    1.118   0.083   0.158   0.2     0.108   0.275   0.133   0.283
 0.125   0.2     0.325   0.35    0.083   0.283   0.216   0.158   0.166
 0.15    0.175   0.116   0.35    0.133   0.108   0.408   0.241   0.183
 0.308   0.3     0.083   0.116   0.091   0.05648]",0,sb_int-additive_comp-vsmean_gbatt-true_gbalt-false_lk-none_inh-free,0
6378,31,2,79,compromise,A,L,2,decoy,16460.0,0.72,0.68,0.82,7,15,2,1,2,0,True,False,True,"[0 2 2 0 2 2 2 2 2 0 0 1 1 1 1 1 0 0 0 0 0 2 2 2 2 2 2 2 0 0 1 1 1 1 2 2 2
 1 1 1 1 0 0 0 0 0 2 2 2 2]","[0 0 1 1 1 1 1 0 0 1 1 0 1 1 0 0 1 0 0 1 1 0 0 0 0 1 0 0 1 1 0 1 1 1 1 0 0
 1 1 0 0 1 0 0 1 1 0 1 0 0]","[0.175    0.183    0.283    0.233    0.192    0.191    0.241    0.166
 0.183    0.091    0.108    0.108    0.183    0.183    0.191    0.191
 0.258    0.225    0.108    0.216    0.425    0.133    1.41     0.634
 0.317    0.442    0.667    0.392    0.233    0.108    0.525    0.15
 0.358    0.183    0.5      0.166    0.333    0.175    0.275    0.208
 0.65     0.275    0.166    0.275    0.342    0.091    0.275    0.241
 0.275    0.343864]",2,sb_int-additive_comp-vsmean_gbatt-true_gbalt-false_lk-none_inh-free,0
6379,31,2,80,compromise,B,R,0,competitor,7970.0,0.72,0.62,0.55,7,14,35,2,0,1,True,False,True,[2 1 1 1 2 0 0 0 2 2 1 1 1 0 0 0 1 1 1 0 0 2 2 2 2 2 0 0 0],[0 1 0 0 1 1 0 0 1 1 1 1 0 0 0 1 1 0 0 1 1 1 1 0 0 1 1 0 0],"[0.108 0.158 0.091 0.216 0.208 0.216 0.567 0.15  0.1   0.217 0.267 0.158
 0.408 0.091 0.283 0.35  0.217 0.216 0.125 0.183 0.208 0.175 0.2   0.275
 0.308 0.242 0.125 0.1   0.625]",0,sb_int-additive_comp-vsmean_gbatt-true_gbalt-false_lk-none_inh-free,0
6380,31,2,81,compromise,B,L,0,competitor,20890.0,0.72,0.62,0.58,6,14,35,0,1,2,True,False,True,"[0 0 0 1 2 2 0 0 0 0 0 0 0 0 1 0 0 0 0 0 0 1 1 1 2 2 0 0 1 2 2 2 1 1 0 0 0
 0 1 1 1 2 2 2 2 2 1 0 0 1 1 0 1 1 0 0 1 2 2 2 2 0 0]","[0 1 1 1 1 0 0 1 0 0 0 0 1 1 0 1 0 0 0 0 0 0 0 0 0 0 1 1 1 1 1 0 1 1 1 1 0
 0 1 0 0 0 0 1 0 0 1 0 1 1 0 1 0 1 0 0 0 1 1 0 0 0 0]","[0.183    0.483    0.7      0.325    0.191    0.175    0.35     0.508
 0.166    0.258    0.45     1.043    0.291    0.166    0.217    0.191
 0.1      0.367    0.467    1.118    0.767    0.133    0.367    0.091
 0.175    0.317    0.116    0.392    0.292    0.191    0.258    0.091
 0.208    0.116    0.2      0.141    0.342    0.417    0.216    0.425
 0.125    0.2      0.166    0.35     0.233    0.258    0.158    0.458
 0.191    0.442    0.233    0.433    0.125    0.158    0.3      0.216
 0.15     0.083    0.158    0.183    0.225    0.2      0.258083]",0,sb_int-additive_comp-vsmean_gbatt-true_gbalt-false_lk-none_inh-free,0
6381,31,2,82,attraction,B,L,0,competitor,17260.0,0.72,0.62,0.6,6,15,14,0,2,1,True,True,True,"[0 0 2 1 0 2 0 0 0 0 0 0 0 0 0 0 2 1 1 1 1 2 1 1 1 2 2 2 2 1 2 2 2 2 1 1 1
 0 0 1 0 1 0 0 1 1 1 0 0 0 1 1 1 1 0 0 0]","[0 1 1 1 1 1 0 0 0 1 1 0 0 1 0 0 0 0 0 1 1 1 1 0 0 0 0 1 1 1 0 0 0 1 1 0 0
 0 1 1 1 1 0 0 0 0 0 0 1 1 0 0 1 1 1 0 0]","[0.192    0.225    0.15     0.342    0.317    0.1      0.433    0.934
 0.35     0.158    1.076    0.333    0.183    0.283    0.241    0.141
 0.166    0.166    0.216    0.191    0.125    0.408    0.25     0.317
 0.216    0.108    0.158    0.1      0.191    0.158    0.325    0.191
 0.15     0.258    0.266    0.367    0.166    0.183    0.342    0.358
 0.367    0.35     0.133    0.141    0.208    0.141    0.141    0.15
 0.258    0.509    0.166    0.125    0.133    0.158    0.333    0.183
 0.475956]",0,sb_int-additive_comp-vsmean_gbatt-true_gbalt-false_lk-none_inh-free,0
6382,31,2,83,filler,,R,2,,9030.0,0.24,0.37,0.76,41,27,13,1,0,2,True,False,True,[1 1 1 0 2 2 2 2 2 1 1 0 0 2 1 1 2 2 2 2 0 0 0 2 2 2],[1 0 0 1 1 0 0 0 1 0 0 0 0 0 1 0 0 0 1 1 0 1 1 0 0 0],"[0.225    0.091    0.433    0.158    1.126    0.175    0.225    0.133
 1.184    0.158    0.225    0.091    0.317    0.267    0.575    0.483
 0.183    0.116    0.15     0.108    0.283    0.175    0.425    0.108
 0.166    0.210886]",2,sb_int-additive_comp-vsmean_gbatt-true_gbalt-false_lk-none_inh-free,0
6383,31,2,84,compromise,B,M,0,competitor,8500.0,0.72,0.65,0.52,7,15,34,1,0,2,False,True,False,[1 1 0 0 2 2 0 0 0 1 1 1 0 0 0 2 2 2 1 1 1 1 0 2 0 0 0],[0 0 0 0 1 1 0 1 1 0 1 1 0 1 1 1 1 0 1 0 1 1 0 1 1 1 1],"[0.517    0.433    0.125    0.225    0.083    0.283    0.083    0.559
 0.442    0.25     0.191    0.475    0.091    0.242    0.233    0.183
 0.275    0.408    0.333    0.425    0.15     0.108    0.125    0.275
 0.091    0.634    0.141864]",0,sb_int-additive_comp-vsmean_gbatt-true_gbalt-false_lk-none_inh-free,0
6384,31,2,85,attraction,A,R,0,target,15190.0,0.75,0.68,0.73,6,14,5,2,1,0,False,False,False,"[1 1 2 1 1 0 0 0 2 2 2 2 2 0 0 0 0 0 0 2 2 2 0 0 2 2 1 2 2 2 2 2 2 2 2 0 0
 0 0 2 2 0 0 0 1 1 1 1 1 0 0 0]","[1 0 0 0 0 0 0 1 1 0 0 1 1 1 1 0 0 1 0 0 1 1 1 0 0 1 1 1 0 0 1 0 0 1 1 1 1
 0 0 0 1 1 1 0 1 1 0 0 1 1 0 1]","[0.2      0.166    0.408    0.225    0.108    0.091    0.266    0.258
 0.367    0.141    0.275    0.258    0.116    0.116    0.15     0.267
 0.108    0.175    0.317    0.392    0.1      0.425    0.3      0.266
 0.225    0.225    0.559    0.283    0.175    0.25     0.734    0.208
 0.158    0.25     0.116    0.192    0.158    0.383    0.208    0.183
 0.433    0.333    0.192    0.3      0.15     0.141    0.2      0.141
 0.383    0.317    0.208    0.258972]",0,sb_int-additive_comp-vsmean_gbatt-true_gbalt-false_lk-none_inh-free,0
6385,31,2,86,filler,,L,2,,9490.0,0.32,0.48,0.85,31,20,11,1,2,0,True,True,True,[0 0 0 2 2 2 2 0 1 1 1 0 2 2 2 2 2 1 1 1 0 0 0 1 0 1 0 0 0 2 2 2],[0 0 1 1 1 0 0 0 0 0 1 1 1 0 0 0 1 0 0 1 1 0 0 0 0 0 0 1 1 0 0 0],"[0.083   0.108   0.292   0.175   0.091   0.091   0.542   0.25    0.266
 0.175   0.333   0.175   0.258   0.2     0.283   0.166   0.258   0.116
 0.216   0.292   0.308   0.1     0.283   0.433   0.659   0.342   0.158
 0.216   0.116   0.141   0.325   0.19194]",2,sb_int-additive_comp-vsmean_gbatt-true_gbalt-false_lk-none_inh-free,0
6386,31,2,87,attraction,A,R,0,target,8090.0,0.72,0.65,0.7,6,14,5,2,1,0,False,False,False,[1 2 1 0 1 2 2 1 0 0 0 2 2 2 2 2 2 1 1 1 0 0 1 0 0 1 0 0 0],[1 1 1 1 1 1 1 1 0 0 1 1 1 0 0 1 1 1 0 1 1 1 1 1 0 0 0 1 1],"[0.308    0.3      0.25     0.776    0.35     0.175    0.242    0.166
 0.225    0.217    0.267    0.091    0.15     0.225    0.083    0.091
 0.1      0.266    0.35     0.3      0.233    0.208    0.233    0.408
 0.166    0.275    0.158    0.175    0.111752]",0,sb_int-additive_comp-vsmean_gbatt-true_gbalt-false_lk-none_inh-free,0
6387,31,2,88,attraction,A,M,0,target,9920.0,0.72,0.65,0.7,6,15,5,1,0,2,False,False,True,[0 0 0 2 2 0 1 1 1 1 0 0 0 0 0 2 0 0 0 2 2 0 0 1 0 0 2 2 2 2 0 0 1 1 1 0],[1 0 0 1 0 1 1 1 0 0 0 1 1 0 0 1 0 0 0 1 1 1 1 1 1 0 1 0 0 1 0 0 1 0 1 1],"[0.166    0.258    0.141    0.258    0.292    0.233    0.083    0.225
 0.175    0.191    0.208    0.1      0.667    0.308    0.125    0.3
 0.166    0.275    0.317    0.125    0.233    0.175    0.191    0.342
 0.175    0.333    0.283    0.191    0.2      0.208    0.225    0.125
 0.225    0.392    0.267    0.374588]",2,sb_int-additive_comp-vsmean_gbatt-true_gbalt-false_lk-none_inh-free,0
6388,31,2,89,attraction,B,R,0,competitor,9700.0,0.75,0.62,0.6,6,15,14,2,1,0,False,True,False,[1 1 2 2 1 1 0 0 0 1 1 2 2 1 1 0 0 0 2 1 1 2 2 0 0 0 0 1 1 1 1 0 0 0 0 2 0],[0 1 1 1 1 1 1 1 0 0 0 0 0 0 0 0 0 0 0 1 1 1 1 1 0 0 1 1 1 0 0 0 0 1 1 1 1],"[0.125    0.291    0.183    0.283    0.158    0.166    0.333    0.108
 0.3      0.25     0.15     0.3      0.25     0.166    0.375    0.083
 0.575    0.083    0.25     0.333    0.125    0.316    0.158    0.375
 0.333    0.1      0.2      0.183    0.191    0.175    0.15     0.191
 0.116    0.166    0.25     0.3      0.035165]",0,sb_int-additive_comp-vsmean_gbatt-true_gbalt-false_lk-none_inh-free,0
6389,31,2,90,filler,,M,2,,17330.0,0.19,0.59,0.81,52,16,12,2,0,1,False,True,True,"[2 1 1 2 2 0 0 0 1 1 1 1 1 2 2 0 0 0 2 2 2 2 2 2 0 0 1 1 1 1 1 1 1 1 1 0 0
 2 2 2 2 0 1 1 1 1 1 1 1 0 0 0 0 2 1 1 1 2 2 2 2 1 2 2]","[0 0 1 1 1 0 1 1 0 0 1 0 0 1 1 0 0 1 0 0 1 1 0 0 0 1 0 0 1 0 0 1 1 0 0 1 1
 1 1 1 1 1 0 1 0 0 1 1 1 1 1 0 0 0 1 0 0 0 1 1 0 1 0 0]","[0.175    0.175    0.308    0.2      0.108    0.167    0.216    0.1
 0.25     0.258    0.458    0.175    0.167    0.225    0.108    0.141
 0.15     0.241    0.233    0.375    0.208    0.725    0.1      0.3
 0.433    0.108    0.258    0.191    0.35     0.083    0.216    0.183
 0.241    0.166    0.166    0.258    0.542    0.166    0.158    0.216
 0.166    0.383    0.267    0.141    0.15     0.258    0.166    0.217
 0.192    0.141    0.108    0.241    0.425    0.283    0.191    0.083
 0.367    0.183    0.175    0.158    0.25     0.342    0.358    0.293016]",2,sb_int-additive_comp-vsmean_gbatt-true_gbalt-false_lk-none_inh-free,0
6390,31,2,91,attraction,B,R,0,competitor,11160.0,0.78,0.65,0.63,7,15,14,2,0,1,False,False,False,[2 2 2 0 0 1 1 1 2 2 0 2 2 2 1 2 0 2 1 0 2 1 1 1 2 2 1 1 2 1 1 1 1 1 0 0 0],[1 0 0 0 1 1 0 0 0 0 0 1 0 1 1 1 1 1 1 0 0 0 1 1 1 1 1 1 1 1 1 0 0 0 0 1 1],"[0.225    0.25     0.15     0.166    0.4      0.116    0.258    0.333
 0.183    0.358    0.659    0.166    0.133    0.216    0.642    0.367
 0.876    0.225    0.091    0.267    0.158    0.266    0.141    0.208
 0.191    0.216    0.091    0.216    0.325    0.275    0.225    0.091
 0.1      0.2      0.133    0.242    0.212008]",0,sb_int-additive_comp-vsmean_gbatt-true_gbalt-false_lk-none_inh-free,0
6391,31,2,92,filler,,R,2,,13200.0,0.32,0.6,0.78,31,16,12,1,0,2,True,True,False,"[1 1 1 0 0 2 2 2 2 2 2 2 1 1 1 1 1 1 0 0 0 0 1 1 1 1 1 1 1 1 1 1 1 1 2 2 2
 2 2 2 1 1 2 1 1 1 1 2 2 2 2]","[0 1 1 1 1 0 1 1 0 0 1 1 0 0 1 1 0 0 0 0 1 1 1 0 0 1 0 1 1 0 0 0 1 1 0 0 1
 1 0 0 1 1 0 1 0 0 0 1 1 0 1]","[0.216   0.15    0.191   0.141   0.225   0.275   0.2     0.492   0.108
 0.2     0.133   0.267   0.258   0.166   0.191   0.191   0.133   0.291
 0.175   0.133   0.183   0.233   0.25    0.183   0.425   0.458   0.208
 0.434   0.141   0.116   0.208   0.358   0.125   0.4     0.15    0.133
 0.192   0.2     0.208   0.325   0.2     0.141   0.191   0.15    0.175
 0.35    0.158   0.091   0.183   0.392   0.31674]",2,sb_int-additive_comp-vsmean_gbatt-true_gbalt-false_lk-none_inh-free,0
6392,31,2,93,filler,,M,2,,7990.0,0.27,0.61,0.89,37,16,11,2,0,1,False,True,True,[2 1 1 1 2 2 2 2 2 2 0 0 2 2 2 0 0 0 1 1 1 1 0 0 0 0 2 2 2 2],[0 0 0 1 0 0 1 1 0 0 1 1 1 1 1 0 1 1 0 0 0 0 1 1 1 0 0 0 1 0],"[0.183    0.125    0.3      0.408    0.15     0.116    0.208    0.15
 0.208    0.275    0.175    0.091    0.283    0.141    0.1      0.241
 0.125    0.166    0.433    0.258    0.158    0.158    0.225    0.166
 0.125    0.133    0.116    0.283    0.333    0.545427]",2,sb_int-additive_comp-vsmean_gbatt-true_gbalt-false_lk-none_inh-free,0
6393,31,2,94,compromise,B,L,0,competitor,20440.0,0.75,0.68,0.55,6,14,34,0,2,1,False,False,False,"[2 0 0 0 0 2 1 1 1 1 2 2 0 0 0 0 0 0 0 2 2 1 1 0 0 2 1 1 1 1 0 0 0 0 2 1 1
 0 0 0 0 2 1 1 1 0 0 0 1 0 0 1 2 2 0]","[1 1 0 0 1 1 1 0 0 0 0 0 0 1 1 1 1 1 1 1 1 1 1 1 1 1 1 1 0 0 0 1 1 1 1 1 1
 1 1 0 0 1 1 0 0 0 1 0 0 1 1 1 1 1 1]","[0.091    0.158    0.225    0.141    0.367    0.133    0.225    0.267
 0.2      0.083    0.216    0.166    0.517    0.851    0.342    0.216
 0.534    0.141    1.51     0.133    0.2      0.45     0.208    0.166
 0.191    0.191    0.183    0.1      0.241    0.15     0.484    0.133
 1.61     0.867    0.183    0.242    0.533    0.383    1.093    0.158
 0.208    0.45     0.592    0.166    0.133    0.308    0.183    0.3
 0.175    0.15     0.216    0.375    0.141    0.166    0.106457]",0,sb_int-additive_comp-vsmean_gbatt-true_gbalt-false_lk-none_inh-free,0
6394,31,2,95,attraction,A,R,0,target,22040.0,0.75,0.65,0.73,6,15,5,2,1,0,True,False,False,"[1 2 2 1 1 0 0 1 1 2 2 2 1 1 0 0 0 0 2 2 2 2 2 0 0 0 2 2 2 2 0 0 0 0 0 1 1
 1 2 2 2 2 2 0 0 0 0 0 0 0 2 2 0 0 0 0 0 0 0 0 2 2 2 2 2 0 0 0 0 0 0 2 2 2
 0 0]","[1 1 0 0 0 1 0 1 1 0 1 1 1 1 0 0 1 1 1 0 1 1 0 1 0 1 0 1 1 0 1 1 0 0 0 1 0
 0 1 1 0 1 1 0 1 1 0 1 1 1 0 1 0 0 1 1 0 0 0 1 1 1 1 0 0 1 1 0 0 1 1 0 1 0
 0 0]","[0.166    0.167    0.333    0.2      0.133    0.2      0.208    0.175
 0.166    0.392    0.183    0.684    0.367    0.125    0.216    0.2
 0.15     0.1      0.241    0.183    0.133    0.175    0.283    0.175
 0.275    0.15     0.425    0.208    0.175    0.759    0.192    0.183
 0.342    0.35     0.191    0.267    0.208    0.216    0.133    0.216
 0.751    0.141    0.191    0.292    0.183    0.166    0.492    0.15
 0.216    0.183    0.083    0.258    0.684    0.876    0.425    0.217
 0.133    0.216    0.15     0.183    0.108    0.125    0.166    0.316
 0.166    0.133    0.091    0.141    0.258    0.2      0.091    0.1
 0.241    0.417    0.108    0.664995]",0,sb_int-additive_comp-vsmean_gbatt-true_gbalt-false_lk-none_inh-free,0
6395,31,2,96,compromise,B,M,0,competitor,6810.0,0.75,0.62,0.58,7,14,35,1,2,0,True,True,False,[0 2 2 0 1 1 1 0 0 0 0 2 2 2 0 1 0 0],[0 1 0 0 0 1 1 0 0 1 1 0 0 0 0 1 1 0],"[0.108    0.325    0.358    0.442    0.241    0.2      1.076    0.459
 0.258    0.225    0.091    0.091    0.133    0.408    0.375    0.475
 0.125    0.314549]",0,sb_int-additive_comp-vsmean_gbatt-true_gbalt-false_lk-none_inh-free,0
6396,31,2,97,compromise,A,M,2,decoy,5220.0,0.78,0.68,0.82,7,15,3,0,2,1,False,False,True,[0 2 2 2 1 0 0 0 0 0 1 1 2 0 2 2 1 2 2],[1 0 1 1 0 1 0 0 1 1 1 1 0 0 1 0 1 0 0],"[0.15     0.083    0.225    0.141    0.417    0.442    0.125    0.125
 0.091    0.217    0.217    0.141    0.116    0.308    0.233    0.717
 0.367    0.108    0.057987]",2,sb_int-additive_comp-vsmean_gbatt-true_gbalt-false_lk-none_inh-free,0
6397,31,2,98,compromise,B,R,0,competitor,28220.0,0.72,0.68,0.58,6,15,35,2,1,0,False,True,False,"[1 1 1 2 1 1 0 0 1 1 1 2 2 2 2 2 2 1 2 2 2 1 2 2 2 2 2 1 1 0 0 0 1 1 1 1 1
 2 2 2 1 1 0 0 0 0 0 0 1 1 1 1 0 0 0 0 0 1 1 1 1 1 0 0 0 0 1 0 0 0 0 0 1 1
 1 2 1 1 0 1]","[0 0 0 1 0 0 1 0 1 0 0 0 0 1 1 0 0 1 1 1 1 0 1 0 0 1 1 1 1 1 1 1 1 1 1 0 0
 0 1 1 1 1 1 1 0 1 1 1 0 0 1 1 1 1 0 0 1 0 0 0 0 0 1 1 0 0 0 1 1 0 0 1 0 0
 1 1 0 0 0 1]","[0.133    0.191    0.158    1.009    0.125    0.233    0.417    0.333
 0.266    0.367    0.266    0.25     0.333    1.109    0.717    0.25
 0.141    0.35     0.233    0.6      0.191    0.367    0.308    0.258
 0.15     0.292    0.2      0.45     0.517    0.2      0.4      0.492
 0.091    0.283    0.308    0.191    0.216    0.575    0.166    0.333
 0.158    0.584    0.275    0.158    0.425    0.383    0.183    0.1
 0.083    0.375    0.5      0.542    0.275    0.233    0.3      0.192
 1.318    0.709    0.35     0.517    0.233    0.125    0.292    0.166
 0.258    0.241    0.342    0.116    0.242    0.183    0.559    0.258
 0.217    0.091    0.191    0.358    0.191    0.108    0.3      0.114042]",1,sb_int-additive_comp-vsmean_gbatt-true_gbalt-false_lk-none_inh-free,0
6398,31,2,99,compromise,A,R,0,target,3290.0,0.78,0.62,0.85,7,14,2,2,0,1,True,False,True,[2 1 1 1 1 2 2 2 0 0 0],[0 1 1 0 0 1 1 0 0 1 0],"[0.183    0.175    0.175    0.2      0.091    0.216    0.15     0.308
 0.325    0.291    0.657853]",2,sb_int-additive_comp-vsmean_gbatt-true_gbalt-false_lk-none_inh-free,0
6399,31,2,100,compromise,B,M,0,competitor,7940.0,0.72,0.68,0.55,6,14,35,1,2,0,False,True,True,[0 2 2 2 2 0 1 1 0 1 1 1 0 0 1 1 0 2 2 2 2 2 0 0],[1 0 0 0 1 0 0 0 1 1 0 0 0 0 0 0 1 0 0 0 1 1 0 1],"[0.15     0.367    1.443    0.383    0.675    0.35     0.116    0.475
 0.342    0.191    0.208    0.2      0.216    0.083    0.158    0.208
 0.216    0.133    0.183    0.225    0.108    0.308    0.158    0.200795]",1,sb_int-additive_comp-vsmean_gbatt-true_gbalt-false_lk-none_inh-free,0
6400,31,2,101,attraction,A,R,0,target,9820.0,0.75,0.65,0.73,7,15,6,2,1,0,False,True,False,[1 2 2 2 2 2 1 1 0 2 2 1 1 0 0 0 0 1 1 2 2 1 1 1 1 0 0 0 0 0 0 1 1 1 1 1 0],[0 0 0 1 1 1 1 1 1 1 1 1 1 1 1 0 0 0 0 1 0 1 1 0 0 1 0 0 0 1 1 1 0 0 1 1 1],"[0.091    0.175    0.383    0.133    0.116    0.158    0.175    0.233
 0.208    0.183    0.25     0.091    0.383    0.208    0.317    0.083
 0.267    0.233    0.141    0.342    0.358    0.2      0.167    0.191
 0.358    0.5      0.216    0.191    0.408    0.283    0.108    0.266
 0.2      0.2      0.133    0.158    0.273383]",0,sb_int-additive_comp-vsmean_gbatt-true_gbalt-false_lk-none_inh-free,0
6401,31,2,102,attraction,B,R,0,competitor,12130.0,0.72,0.65,0.63,7,14,13,2,1,0,True,True,True,"[1 2 2 2 1 0 0 1 2 2 2 2 2 1 1 0 0 0 0 1 2 2 2 1 1 1 1 2 2 2 1 0 0 0 0 0 1
 2 1 0 0]","[0 0 1 1 1 1 0 0 0 0 0 1 1 1 0 0 0 0 1 0 0 1 1 1 1 0 0 1 0 0 0 1 1 0 0 1 1
 1 0 0 0]","[0.166    0.191    0.15     0.208    0.292    0.283    0.308    0.208
 0.525    0.258    0.208    0.141    0.258    0.25     0.233    0.2
 0.5      0.217    0.4      0.325    0.275    0.258    0.141    0.125
 0.467    0.175    0.175    0.308    0.258    0.141    0.2      0.158
 0.2      0.242    0.275    0.417    0.475    0.358    0.125    0.242
 0.169342]",0,sb_int-additive_comp-vsmean_gbatt-true_gbalt-false_lk-none_inh-free,0
6402,31,2,103,attraction,A,R,0,target,5280.0,0.75,0.65,0.73,7,14,6,2,0,1,False,False,True,[1 2 0 0 1 1 0 0 2 2 1 1 1 1 2 0 2 2 0 0],[1 0 1 1 0 0 0 0 1 0 1 0 1 0 0 1 0 1 0 1],"[0.267    0.425    0.108    0.317    0.25     0.1      0.116    0.158
 0.225    0.15     0.3      0.3      0.233    0.175    0.116    0.45
 0.208    0.216    0.166    0.168126]",2,sb_int-additive_comp-vsmean_gbatt-true_gbalt-false_lk-none_inh-free,0
6403,31,2,104,compromise,B,M,0,competitor,17260.0,0.78,0.62,0.55,7,14,35,1,2,0,False,False,True,"[2 2 2 0 0 0 0 0 0 0 0 1 1 1 1 1 1 0 0 2 1 0 1 1 1 1 1 1 1 1 1 1 1 1 0 2 2
 2 0 1 1 1 1 0 1 0 0 1 2 0 1 1]","[0 0 1 0 1 0 0 1 1 0 0 1 1 0 0 1 1 0 0 0 1 1 0 0 1 0 0 0 0 0 1 0 0 1 1 1 1
 0 1 1 0 0 0 1 1 1 0 1 0 1 1 1]","[0.2      0.133    0.191    0.241    0.3      0.25     0.175    0.3
 0.183    0.208    0.266    0.442    0.175    0.217    0.425    0.116
 0.375    0.125    0.533    0.308    0.333    0.4      0.225    0.175
 0.809    0.175    0.25     0.584    0.216    0.358    0.417    0.208
 0.417    0.3      0.241    0.216    0.333    0.291    0.192    0.392
 0.125    0.233    0.191    0.225    0.15     0.2      1.443    0.233
 0.317    0.175    0.116    0.077159]",0,sb_int-additive_comp-vsmean_gbatt-true_gbalt-false_lk-none_inh-free,0
6404,31,2,105,attraction,B,L,0,competitor,5850.0,0.78,0.65,0.63,7,15,14,0,1,2,False,True,True,[0 0 1 2 2 1 1 1 0 0 1 1 2 2 2 2 1 1 0 0 0 0 0],[1 1 1 1 1 1 0 0 0 1 0 0 0 0 1 1 1 0 1 1 0 0 1],"[0.125    0.45     0.283    0.208    0.6      0.216    0.217    0.108
 0.233    0.342    0.166    0.15     0.158    0.241    0.15     0.242
 0.166    0.183    0.158    0.233    0.208    0.175    0.133564]",2,sb_int-additive_comp-vsmean_gbatt-true_gbalt-false_lk-none_inh-free,0
6405,31,2,106,compromise,A,L,2,decoy,9390.0,0.75,0.65,0.82,7,15,2,1,2,0,False,True,False,[0 2 2 2 0 0 0 0 1 1 1 1 1 2 2 2 2 0 1 0 1 1 1 0 0 2 2 2 2],[1 1 0 1 1 0 0 1 0 1 1 0 0 1 1 0 0 1 0 1 0 1 1 0 0 0 1 1 1],"[0.3   0.2   0.717 0.483 0.433 0.125 0.325 0.1   0.291 0.091 0.525 0.091
 0.083 0.125 0.15  0.183 0.258 0.325 0.417 0.183 0.976 0.116 0.208 0.2
 0.166 0.35  0.125 0.475 0.192]",2,sb_int-additive_comp-vsmean_gbatt-true_gbalt-false_lk-none_inh-free,0
6406,31,2,107,compromise,A,M,2,decoy,4840.0,0.75,0.68,0.88,6,15,3,0,2,1,False,False,False,[2 2 2 1 1 0 0 0 0 2 2 1 2 2 2],[1 0 0 1 1 1 1 0 0 1 1 1 0 0 1],"[0.517    0.208    0.183    0.325    1.101    0.141    0.35     0.116
 0.275    0.166    0.216    0.216    0.116    0.125    0.084205]",2,sb_int-additive_comp-vsmean_gbatt-true_gbalt-false_lk-none_inh-free,0
6407,31,2,108,compromise,A,R,0,target,11270.0,0.72,0.65,0.82,7,15,2,2,0,1,False,True,False,[2 2 2 2 2 2 2 0 0 2 1 0 0 1 1 0 0 0 0 0 0 2 2 2 2 1 2 2 0 0 2 1 1 2 0 0],[1 0 1 1 0 0 1 1 0 1 0 1 1 0 0 0 1 1 0 0 1 1 1 0 0 1 1 1 1 1 1 0 0 1 1 1],"[0.25     0.25     0.242    0.258    0.333    0.125    0.675    0.266
 0.358    0.208    0.241    0.208    0.217    0.233    0.141    0.283
 0.208    0.158    0.108    0.233    0.125    0.458    0.15     0.083
 0.3      0.216    0.333    0.316    0.542    0.433    0.442    0.116
 0.367    0.175    0.3      0.096557]",2,sb_int-additive_comp-vsmean_gbatt-true_gbalt-false_lk-none_inh-free,0
6408,31,2,109,compromise,B,L,0,competitor,5940.0,0.72,0.62,0.55,7,14,35,0,1,2,False,False,False,[1 1 1 2 0 0 1 2 0 0 1 1 2 0 0 1 2 2 1 1 0 0],[1 0 0 0 0 1 1 1 1 1 1 1 1 0 0 0 0 1 1 1 1 1],"[0.308    0.225    0.175    0.233    0.417    0.158    0.208    0.266
 0.383    0.125    0.108    0.183    0.325    0.091    0.166    0.292
 0.442    0.225    0.1      0.083    0.233    0.052603]",0,sb_int-additive_comp-vsmean_gbatt-true_gbalt-false_lk-none_inh-free,0
6409,31,2,110,attraction,B,M,0,competitor,13990.0,0.75,0.68,0.66,6,14,13,1,0,2,True,False,False,"[0 1 1 1 0 2 2 2 0 1 1 1 1 1 0 2 0 0 0 0 0 0 2 1 1 1 1 2 2 1 1 1 0 2 2 2 1
 1 1 2 2 1 1 1 0]","[0 1 0 0 1 0 1 1 0 0 0 0 1 1 0 1 0 0 0 0 1 1 0 0 0 1 1 1 0 1 0 0 0 1 0 0 0
 1 1 1 0 1 0 0 0]","[0.158    0.125    0.233    0.116    0.241    0.2      0.208    0.108
 0.584    0.35     0.1      0.183    0.208    0.183    0.15     0.943
 0.283    0.108    0.559    0.333    0.167    0.2      0.308    0.175
 0.158    0.15     0.317    0.567    0.333    0.801    0.15     0.392
 0.317    0.358    0.342    0.183    0.6      0.283    0.166    0.183
 0.192    0.208    0.091    0.208    0.288206]",0,sb_int-additive_comp-vsmean_gbatt-true_gbalt-false_lk-none_inh-free,0
6410,31,2,111,compromise,B,L,0,competitor,7640.0,0.72,0.65,0.55,6,15,35,0,2,1,True,True,True,[2 2 1 0 0 0 0 2 2 2 1 1 1 1 1 0 0 0 0 0 0],[0 0 0 0 1 1 0 0 0 1 1 1 0 0 1 1 1 0 0 1 0],"[0.191    0.141    0.325    0.333    0.292    0.25     1.118    0.342
 0.542    0.283    0.634    0.726    0.091    0.317    0.216    0.083
 0.191    0.2      0.091    0.133    0.242024]",0,sb_int-additive_comp-vsmean_gbatt-true_gbalt-false_lk-none_inh-free,0
6411,31,2,112,filler,,R,2,,8210.0,0.31,0.38,0.85,32,26,11,0,1,2,False,True,False,[1 0 0 1 1 2 2 2 1 0 0 0 1 1 1 1 1 0 0 0 1 1 1 0 0 0 2 2 2 2],[0 1 1 1 1 1 1 0 0 1 0 0 0 0 1 1 0 0 1 0 1 0 0 0 0 1 1 1 0 1],"[0.108    0.091    0.308    0.2      0.4      0.158    0.325    0.3
 0.241    0.275    0.175    0.2      0.166    0.15     0.091    0.317
 0.475    0.609    0.35     0.158    0.367    0.116    0.325    0.133
 0.15     0.141    0.108    0.091    0.275    0.230092]",2,sb_int-additive_comp-vsmean_gbatt-true_gbalt-false_lk-none_inh-free,0
6412,31,2,113,attraction,B,R,0,competitor,13560.0,0.72,0.62,0.6,7,15,14,2,1,0,False,False,True,"[1 2 1 0 0 1 1 1 2 0 0 0 1 2 2 1 1 1 2 2 2 1 1 1 1 1 2 2 2 2 2 0 0 0 0 0 1
 2 1 1 2 2 2 2 2 1 1 1 1 1 0 0]","[1 0 1 1 0 0 0 1 0 1 0 1 0 1 1 0 0 1 0 1 1 0 1 0 0 1 0 1 1 0 0 1 1 0 0 1 1
 0 0 0 1 0 0 1 1 0 1 0 1 0 0 1]","[0.158    0.2      0.325    0.133    0.091    0.208    0.15     0.191
 0.225    0.116    0.317    0.258    0.175    0.183    0.258    0.166
 0.15     0.308    0.158    0.158    0.15     0.484    0.35     0.216
 0.158    0.191    0.417    0.242    0.141    0.4      0.175    0.233
 0.091    0.208    0.141    0.383    0.191    0.133    0.2      0.1
 0.217    0.241    0.1      0.191    0.15     0.367    0.217    0.158
 0.308    0.125    0.125    0.632506]",0,sb_int-additive_comp-vsmean_gbatt-true_gbalt-false_lk-none_inh-free,0
6413,31,2,114,attraction,A,L,0,target,11280.0,0.75,0.65,0.73,7,15,6,0,1,2,True,False,True,"[0 0 2 2 1 1 1 1 0 0 0 0 0 0 0 0 2 2 1 2 0 0 1 1 1 1 1 2 2 2 2 2 0 0 0 2 2
 0 0 0]","[0 1 0 0 1 0 0 0 1 0 0 1 1 0 0 1 1 1 1 0 0 1 1 0 0 1 1 1 1 0 1 0 0 0 1 1 0
 0 1 0]","[0.083   0.35    0.233   0.191   0.208   0.233   0.208   0.091   0.125
 0.166   0.15    0.2     0.2     0.158   0.216   0.367   0.242   0.4
 0.1     0.25    0.292   0.267   0.342   0.191   0.158   0.133   0.3
 0.091   0.183   0.267   0.233   0.3     0.1     0.258   0.267   0.484
 0.267   0.233   0.358   0.37785]",2,sb_int-additive_comp-vsmean_gbatt-true_gbalt-false_lk-none_inh-free,0
6414,31,2,115,attraction,A,L,0,target,17980.0,0.72,0.65,0.7,6,15,5,0,2,1,False,True,True,"[2 0 2 2 1 2 0 0 1 1 2 2 0 0 0 0 1 1 1 1 1 0 0 0 1 1 1 1 2 2 2 0 0 2 2 2 2
 2 0 0 0 2 2 2 2 2 2 0 0 2 1 1 1 1 1 1 1 1 1 1 0]","[0 1 1 1 1 0 0 0 0 0 0 0 1 1 0 0 1 1 0 0 1 0 1 0 1 1 0 0 0 0 1 1 0 0 0 0 0
 1 0 0 1 0 1 1 0 1 1 1 0 0 0 0 1 1 0 0 0 0 1 1 1]","[0.083    0.725    0.183    0.358    0.425    0.208    0.266    0.5
 0.141    0.208    0.133    0.283    0.467    0.242    0.175    0.534
 0.091    0.25     0.325    0.116    0.442    0.175    0.383    0.342
 0.242    0.342    0.116    0.25     0.242    0.15     0.183    0.375
 0.208    0.133    0.083    0.208    0.158    0.417    0.083    0.166
 0.35     0.358    0.208    0.116    0.25     0.091    0.158    0.342
 0.242    0.3      0.158    0.208    0.208    0.158    0.183    0.175
 0.091    0.35     0.091    0.275    0.477739]",0,sb_int-additive_comp-vsmean_gbatt-true_gbalt-false_lk-none_inh-free,0
6415,31,2,116,attraction,B,L,0,competitor,14710.0,0.75,0.65,0.63,6,14,13,0,2,1,False,True,True,"[0 0 2 2 0 0 0 0 0 0 2 1 1 1 1 2 1 2 2 1 2 2 0 0 1 1 0 0 0 1 1 2 2 1 1 1 1
 2 2 2 2 1 0 0 0 1 1 0]","[1 1 1 0 1 0 0 1 0 0 0 0 0 1 1 1 0 0 1 1 1 1 0 1 1 1 1 0 0 0 0 0 0 0 0 0 0
 0 0 1 1 1 0 0 0 0 0 1]","[0.125    0.342    0.484    0.225    0.517    0.133    0.166    0.584
 0.208    0.133    0.242    0.2      0.158    0.225    0.141    0.183
 0.183    0.266    0.283    0.5      0.166    0.2      0.133    0.175
 0.108    0.175    0.575    0.167    0.233    0.175    0.208    0.108
 0.5      0.158    0.158    0.242    0.175    0.242    0.125    0.233
 0.091    1.151    0.317    0.158    0.141    0.141    0.116    0.390347]",0,sb_int-additive_comp-vsmean_gbatt-true_gbalt-false_lk-none_inh-free,0
6416,31,2,117,compromise,B,L,1,target,5660.0,0.72,0.68,0.58,7,14,35,2,0,1,True,True,True,[2 1 1 2 0 0 0 1 1 1 1 0 2 1 2 2 2 1],[0 0 1 1 1 1 0 0 0 1 1 1 1 0 0 0 1 0],"[0.141    0.241    0.392    0.325    0.091    0.233    0.4      0.183
 0.108    0.3      0.166    0.325    0.15     0.208    0.275    0.15
 0.342    0.298399]",0,sb_int-additive_comp-vsmean_gbatt-true_gbalt-false_lk-none_inh-free,0
6417,31,2,118,attraction,B,L,0,competitor,8270.0,0.72,0.68,0.66,7,14,13,0,2,1,True,True,True,[2 0 0 0 0 0 0 2 1 1 2 1 1 2 2 2 2 1 2 2 1 2 2 0 0 0 0 0 0],[0 0 0 1 1 0 0 0 0 0 0 0 1 1 0 0 1 1 1 0 0 1 0 0 1 0 1 0 0],"[0.183    0.25     0.25     0.216    0.225    0.225    0.183    0.158
 0.175    0.183    0.1      0.208    0.342    0.45     0.141    0.15
 0.367    0.4      0.3      0.275    0.383    0.2      0.242    0.25
 0.216    0.383    0.133    0.266    0.054349]",0,sb_int-additive_comp-vsmean_gbatt-true_gbalt-false_lk-none_inh-free,0
6418,31,2,119,compromise,B,M,0,competitor,8780.0,0.78,0.65,0.52,7,14,34,1,0,2,True,False,False,[0 1 1 0 2 2 2 2 0 1 1 1 1 0 0 0 2 2 0 2 2 1 1 1 1 1 0 0 0 2 0],[0 1 1 0 1 0 1 0 0 0 0 0 0 0 0 0 1 1 1 1 1 0 0 1 1 0 0 0 1 0 0],"[0.083    0.125    0.2      0.183    0.25     0.15     0.292    0.233
 0.2      0.291    0.225    0.116    0.2      0.141    0.325    0.083
 0.133    0.667    0.342    0.116    0.425    0.158    0.166    0.225
 0.158    0.392    0.116    0.208    0.267    0.191    0.330417]",0,sb_int-additive_comp-vsmean_gbatt-true_gbalt-false_lk-none_inh-free,0
6419,31,2,120,filler,,R,2,,11620.0,0.19,0.56,0.8,52,17,12,0,1,2,False,False,False,[1 1 0 0 2 2 0 1 1 1 0 0 0 0 0 0 0 0 0 2 2 1 2 1 1 2 1 1 1 1 1 1 1 1 2],[1 1 1 1 1 0 1 1 0 0 0 1 1 0 0 1 0 0 1 1 1 1 0 0 1 1 1 1 0 0 1 1 0 1 1],"[0.158 0.2   0.383 0.208 0.517 0.308 0.383 0.776 0.166 0.208 0.317 0.108
 0.133 0.183 0.116 0.6   0.175 0.2   0.116 0.083 0.342 0.116 0.308 0.4
 0.425 0.45  0.091 0.2   0.3   0.267 0.108 0.667 0.191 0.192 0.509]",2,sb_int-additive_comp-vsmean_gbatt-true_gbalt-false_lk-none_inh-free,0
6420,31,2,121,compromise,B,R,0,competitor,6370.0,0.72,0.65,0.58,6,15,34,2,0,1,False,False,False,[2 1 2 2 0 1 1 2 0 0 2 1 1 1 0 0 0 2 2 2 2 0],[1 1 1 1 1 1 1 1 1 0 0 0 1 0 0 1 1 1 1 0 0 1],"[0.233    0.308    0.158    0.258    0.317    0.191    0.2      0.358
 0.275    0.275    0.216    0.208    0.4      0.158    0.183    0.108
 0.242    0.2      0.158    0.15     0.166    0.434567]",0,sb_int-additive_comp-vsmean_gbatt-true_gbalt-false_lk-none_inh-free,0
6421,31,2,122,compromise,A,R,2,decoy,16360.0,0.78,0.68,0.88,7,15,2,0,1,2,True,False,False,"[0 0 0 0 0 1 2 1 0 0 0 0 0 1 0 0 1 2 2 2 0 0 0 2 2 2 2 2 2 2 2 1 0 0 0 0 0
 0 1 1 2 1 0 0 0 2 2 2 1 2]","[0 1 1 0 0 1 1 0 0 1 0 0 1 0 1 1 1 1 0 0 0 0 1 1 1 0 0 1 1 0 0 0 0 1 1 0 1
 0 1 0 1 1 0 1 1 0 1 1 1 1]","[0.3      0.133    0.2      0.542    0.25     0.233    0.183    0.241
 0.475    0.25     0.108    0.642    0.392    0.217    0.233    0.2
 0.567    0.55     0.141    0.2      0.242    0.083    0.317    0.125
 0.325    0.225    0.191    0.108    0.459    0.2      0.242    0.158
 0.258    0.175    0.325    0.233    0.325    0.433    0.183    0.534
 0.308    0.191    0.375    0.183    0.133    0.083    0.1      0.25
 0.559    0.346568]",2,sb_int-additive_comp-vsmean_gbatt-true_gbalt-false_lk-none_inh-free,0
6422,31,2,123,compromise,A,R,2,decoy,10090.0,0.78,0.68,0.88,6,15,3,1,0,2,False,True,True,"[1 1 1 1 0 2 1 1 2 2 0 1 1 1 0 0 0 0 0 0 1 1 1 1 1 1 0 0 0 0 0 1 1 1 0 2 2
 2]","[0 0 1 1 0 0 0 0 1 0 1 0 1 1 0 1 1 0 0 1 0 1 1 0 0 1 0 1 1 0 0 0 0 1 0 0 1
 0]","[0.2      0.175    0.183    0.125    0.192    0.216    0.167    0.166
 0.383    0.25     0.133    0.291    0.275    0.125    0.292    0.141
 0.158    0.216    0.158    0.191    0.325    0.158    0.158    0.175
 0.358    0.275    0.166    0.116    0.358    0.1      0.208    0.392
 0.242    0.233    0.116    0.383    0.208    0.161871]",2,sb_int-additive_comp-vsmean_gbatt-true_gbalt-false_lk-none_inh-free,0
6423,31,2,124,attraction,A,L,0,target,11090.0,0.72,0.62,0.7,7,15,6,0,1,2,True,False,False,[1 2 0 0 0 1 2 2 1 0 0 0 1 2 2 1 1 0 0 0 1 2 2 2 0 0 0 1 1 1 1 0 0],[1 1 1 0 0 1 1 0 0 0 0 1 0 0 1 1 1 0 0 1 1 1 0 0 1 0 0 1 0 0 1 0 0],"[0.325    0.175    0.225    0.2      0.116    0.342    0.492    0.333
 0.125    0.25     0.425    0.292    0.216    0.417    0.575    0.083
 0.2      0.216    0.292    0.358    0.317    0.75     0.333    0.116
 0.317    0.175    0.191    0.542    0.191    0.1      0.108    0.166
 0.027615]",0,sb_int-additive_comp-vsmean_gbatt-true_gbalt-false_lk-none_inh-free,0
6424,31,2,125,attraction,B,M,0,competitor,6480.0,0.78,0.65,0.63,6,15,14,1,2,0,True,True,False,[0 2 2 1 0 0 0 0 1 1 1 1 1 0 2 2 2 2 2 2 0 0 0],[0 1 0 1 0 0 1 1 1 0 0 1 1 1 0 1 1 0 0 1 0 1 0],"[0.141    0.192    0.433    0.534    0.108    0.342    0.175    0.267
 0.116    0.091    0.241    0.108    0.267    0.266    0.267    0.208
 0.333    0.158    0.208    0.183    0.417    0.208    0.056292]",0,sb_int-additive_comp-vsmean_gbatt-true_gbalt-false_lk-none_inh-free,0
6425,31,2,126,filler,,L,2,,6300.0,0.16,0.46,0.87,62,21,11,2,1,0,True,True,False,[1 0 1 2 2 2 1 1 1 1 1 0 0 0 0 0 2 2 2 1 2 2],[0 0 1 0 1 0 1 0 0 0 0 1 1 0 0 1 1 1 0 1 1 1],"[0.208   0.2     0.408   0.216   0.267   0.25    0.308   0.192   0.3
 0.258   0.091   0.233   0.141   0.275   0.2     0.158   0.091   0.442
 0.35    0.091   0.125   0.13873]",2,sb_int-additive_comp-vsmean_gbatt-true_gbalt-false_lk-none_inh-free,0
6426,31,2,127,compromise,B,M,0,competitor,9230.0,0.75,0.62,0.58,6,15,34,1,0,2,True,False,False,[1 1 1 0 0 0 1 0 2 0 1 1 1 0 0 1 1 2 2 2 2 0 1 1 1 1 0 0 0 0],[0 1 1 0 1 1 0 0 1 0 0 0 1 0 1 0 1 1 0 0 1 0 0 0 1 1 0 1 1 0],"[0.4      0.208    0.258    0.242    0.183    0.175    0.175    0.367
 1.101    0.191    0.191    0.091    0.166    0.35     0.417    0.258
 0.133    0.291    0.459    0.091    0.358    0.15     0.175    0.125
 0.091    0.216    0.175    0.15     0.133    0.078795]",0,sb_int-additive_comp-vsmean_gbatt-true_gbalt-false_lk-none_inh-free,0
6427,31,2,128,compromise,A,L,0,target,13170.0,0.78,0.68,0.85,6,15,2,0,2,1,False,False,True,"[2 0 0 2 1 1 1 1 1 1 1 1 1 1 1 1 2 2 1 1 2 2 2 2 2 2 0 0 0 0 0 0 0 0 1 1 2
 2 2 0 0 0 0 0 2 0 0 2]","[0 0 0 1 1 1 1 1 1 0 0 0 1 1 1 1 0 0 0 0 0 0 1 1 0 0 1 1 0 0 0 0 1 1 1 0 1
 0 0 1 0 0 0 1 0 0 0 1]","[0.166 0.208 0.108 0.275 0.166 0.233 0.266 0.242 0.217 0.292 0.2   0.191
 0.1   0.133 0.517 0.191 0.141 0.091 0.342 0.709 0.1   0.575 0.175 0.367
 0.233 0.141 0.1   0.108 0.175 0.166 0.225 0.108 0.166 0.108 0.166 0.358
 0.125 0.125 0.534 0.233 0.091 0.358 0.133 0.65  0.308 0.108 0.166 0.125]",2,sb_int-additive_comp-vsmean_gbatt-true_gbalt-false_lk-none_inh-free,0
6428,31,2,129,attraction,A,M,0,target,8560.0,0.75,0.65,0.73,7,14,6,1,0,2,True,True,False,[1 0 2 2 2 2 0 1 0 0 0 0 0 2 2 2 0 0 0 0 2 2 2 2 0 1 1 1 1 1 0],[1 1 0 0 1 1 1 1 1 1 1 0 0 1 1 0 1 0 0 1 0 1 0 0 1 0 0 0 1 1 1],"[0.3      0.208    0.375    0.116    0.233    0.3      0.308    0.467
 0.225    0.091    0.208    0.25     0.125    0.158    0.342    0.258
 0.216    0.258    0.175    0.191    0.575    0.275    0.166    0.1
 0.158    0.15     0.208    0.108    0.15     0.266    0.126228]",0,sb_int-additive_comp-vsmean_gbatt-true_gbalt-false_lk-none_inh-free,0
6429,31,2,130,filler,,M,2,,5420.0,0.29,0.42,0.72,34,23,13,0,2,1,False,False,False,[2 2 2 0 1 1 2 2 2 2 2 2 1 1 1 0 0 2],[1 0 1 1 1 1 1 1 0 0 1 1 1 1 0 0 1 1],"[0.133   0.317   0.317   0.317   0.175   0.275   0.183   0.175   0.141
 0.25    0.216   0.2     0.083   0.2     0.492   0.425   0.4     0.26991]",2,sb_int-additive_comp-vsmean_gbatt-true_gbalt-false_lk-none_inh-free,0
6430,31,2,131,attraction,B,L,0,competitor,9230.0,0.78,0.62,0.6,7,15,14,0,1,2,True,True,False,[1 1 1 0 0 1 2 1 1 0 0 1 0 0 0 1 1 1 0 2 1 2 2 1 1 1 1 1 2 2 1 0 0 0],[0 1 1 1 1 0 1 1 1 1 1 1 1 0 0 0 0 1 1 1 1 0 0 0 0 1 1 0 0 1 1 0 1 0],"[0.208    0.191    0.2      0.233    0.183    0.3      0.617    0.317
 0.108    0.317    0.091    0.183    0.216    0.333    0.108    0.216
 0.175    0.283    0.225    0.308    0.225    0.2      0.116    0.191
 0.417    0.208    0.125    0.241    0.175    0.292    0.166    0.292
 0.183    0.036226]",0,sb_int-additive_comp-vsmean_gbatt-true_gbalt-false_lk-none_inh-free,0
6431,31,2,132,compromise,A,L,2,decoy,10220.0,0.78,0.65,0.82,7,14,3,1,2,0,True,True,True,[2 2 0 1 1 1 0 2 0 0 0 1 1 2 2 2 2 0 0 0 0 2 2 2 2 2 2 2 2 2 2 0 0 1 1 1 2],[0 0 0 0 0 1 1 1 1 0 1 1 0 0 1 0 0 0 1 1 0 0 1 1 0 1 1 0 0 1 1 1 0 0 1 1 0],"[0.091    0.258    0.2      0.108    0.3      0.2      0.183    0.108
 0.191    0.283    0.225    0.191    0.367    0.283    0.433    0.166
 0.083    0.258    0.125    0.175    0.317    0.233    0.083    0.342
 0.275    0.15     0.2      0.208    0.35     0.25     0.2      0.308
 0.233    0.4      0.133    0.166    0.377064]",2,sb_int-additive_comp-vsmean_gbatt-true_gbalt-false_lk-none_inh-free,0
6432,31,2,133,attraction,A,M,0,target,8550.0,0.78,0.62,0.76,6,15,5,1,0,2,False,True,True,[0 1 1 0 2 0 0 0 2 1 0 0 2 2 0 0 0 2 0 2 0 2 1 1 1],[1 0 1 0 1 0 1 0 1 0 0 1 0 1 0 1 0 1 0 0 1 0 1 1 0],"[0.175 0.133 0.183 0.517 0.258 0.108 0.3   0.467 0.292 0.283 0.15  0.175
 0.358 0.308 0.166 0.216 0.333 0.475 0.375 0.175 0.342 0.183 0.292 0.116
 0.242]",0,sb_int-additive_comp-vsmean_gbatt-true_gbalt-false_lk-none_inh-free,0
6433,31,2,134,attraction,B,R,0,competitor,6060.0,0.78,0.62,0.6,6,15,14,2,1,0,False,False,True,[1 1 0 2 1 1 1 0 0 0 0 0 0 2 2 1 0 0 0 1 1 2 2],[1 0 0 1 0 0 1 0 0 1 1 0 0 0 0 1 0 1 1 0 0 1 0],"[0.208 0.2   0.3   0.358 0.208 0.15  0.75  0.317 0.175 0.266 0.091 0.158
 0.125 0.125 0.166 0.267 0.158 0.1   0.283 0.108 0.158 0.183 0.158]",0,sb_int-additive_comp-vsmean_gbatt-true_gbalt-false_lk-none_inh-free,0
6434,31,2,135,filler,,R,2,,4010.0,0.27,0.47,0.86,37,21,11,0,1,2,True,True,True,[1 1 2 1 0 0 2 2 2 2 2 2 1 1 0 0],[0 1 1 1 1 1 1 0 0 1 1 0 0 1 1 0],"[0.166    0.208    0.258    0.175    0.083    0.183    0.2      0.225
 0.175    0.325    0.275    0.292    0.175    0.233    0.191    0.074105]",2,sb_int-additive_comp-vsmean_gbatt-true_gbalt-false_lk-none_inh-free,0
6435,31,2,136,compromise,A,R,2,decoy,3620.0,0.78,0.62,0.85,6,15,2,0,1,2,False,False,True,[0 0 1 1 2 2 2 2 2 1 0 0 0 2 2],[1 1 1 1 0 1 1 0 0 1 1 0 0 1 0],"[0.217 0.25  0.116 0.133 0.283 0.125 0.35  0.208 0.1   0.083 0.216 0.2
 0.192 0.175 0.291]",0,sb_int-additive_comp-vsmean_gbatt-true_gbalt-false_lk-none_inh-free,0
6436,31,2,137,compromise,A,L,2,decoy,12930.0,0.78,0.65,0.82,7,14,2,2,1,0,False,False,False,"[1 1 2 2 2 1 2 1 1 2 2 1 1 1 1 0 0 0 0 0 2 2 2 0 0 2 2 2 2 2 2 2 2 0 0 0 0
 0 1 2]","[0 0 0 1 1 1 1 1 1 1 1 1 1 0 0 0 1 1 1 0 1 1 0 0 1 1 1 1 0 1 1 0 0 0 1 1 0
 1 1 1]","[0.191 0.141 0.241 0.408 0.225 0.308 0.375 0.116 0.208 0.25  0.35  0.292
 0.292 0.208 0.083 0.216 0.225 0.141 0.325 0.15  0.141 0.317 0.258 0.375
 0.342 0.133 0.692 1.209 0.225 0.133 0.525 0.25  0.1   0.133 0.233 0.291
 0.15  0.3   0.308 0.116]",2,sb_int-additive_comp-vsmean_gbatt-true_gbalt-false_lk-none_inh-free,0
6437,31,2,138,compromise,A,L,2,decoy,4650.0,0.75,0.62,0.88,7,15,2,1,2,0,True,False,False,[0 2 2 2 1 1 1 0 0 0 0 0 2 2 2 2 2 2],[0 1 0 1 1 1 0 1 1 0 0 1 0 1 1 0 1 1],"[0.125   0.283   0.308   0.2     0.108   0.35    0.233   0.175   0.083
 0.091   0.317   0.275   0.108   0.333   0.225   0.166   0.083   0.12979]",2,sb_int-additive_comp-vsmean_gbatt-true_gbalt-false_lk-none_inh-free,0
6438,31,2,139,attraction,A,R,0,target,12320.0,0.78,0.68,0.76,7,15,6,2,0,1,True,True,True,"[2 2 2 1 2 2 0 0 0 2 1 2 2 0 0 0 0 0 2 2 0 0 0 0 0 0 0 0 2 2 2 2 1 1 2 0 0
 0 2 2 0 0 0]","[0 1 0 0 0 0 0 1 1 1 1 1 1 1 0 0 1 1 1 1 1 0 0 0 0 0 1 1 0 0 1 1 1 0 0 0 1
 1 1 0 0 1 0]","[0.158    0.216    0.208    0.325    0.108    0.091    0.1      0.217
 0.158    0.208    0.417    0.333    0.484    0.542    0.225    0.158
 0.4      0.433    0.15     0.116    0.166    0.25     0.567    0.225
 0.116    0.208    0.275    0.116    0.15     0.183    0.408    0.183
 0.542    0.15     0.308    0.2      0.1      0.35     0.408    0.291
 0.208    0.175    0.072266]",2,sb_int-additive_comp-vsmean_gbatt-true_gbalt-false_lk-none_inh-free,0
6439,31,2,140,attraction,B,R,0,competitor,8750.0,0.72,0.62,0.6,7,15,14,2,1,0,False,True,True,[1 2 2 2 1 0 0 0 0 1 1 1 1 1 1 1 2 0 0 0 1 2 2 2 2 2 1 1 1 1 2 2 2 0 0],[0 0 1 1 1 0 0 1 1 0 0 1 0 0 1 1 0 0 0 1 0 0 1 1 0 0 1 1 0 1 1 0 0 0 1],"[0.175    0.15     0.125    0.233    0.175    0.15     0.3      0.2
 0.116    0.233    0.158    0.467    0.292    0.15     0.108    0.183
 0.333    0.166    0.141    0.308    0.241    0.175    0.183    0.216
 0.2      0.1      0.225    0.133    0.208    0.258    0.125    0.183
 0.25     0.266    0.259805]",0,sb_int-additive_comp-vsmean_gbatt-true_gbalt-false_lk-none_inh-free,0
6440,31,2,141,compromise,B,L,0,competitor,5090.0,0.75,0.65,0.55,7,14,34,0,1,2,True,False,False,[1 1 2 0 0 0 0 1 1 2 0 0 1 1 2 2 0 1 0],[1 1 1 1 1 0 0 1 1 1 0 1 0 0 0 0 0 0 1],"[0.091 0.183 0.266 0.141 0.4   0.1   0.266 0.3   0.183 0.383 0.183 0.325
 0.283 0.116 0.191 0.091 0.333 0.141 0.141]",0,sb_int-additive_comp-vsmean_gbatt-true_gbalt-false_lk-none_inh-free,0
6441,31,2,142,attraction,B,L,0,competitor,7060.0,0.78,0.62,0.6,6,14,13,0,1,2,False,False,False,[1 0 0 1 2 1 1 1 2 0 0 1 1 2 1 0 0 0 1 2 2 2 1 0 0],[1 1 1 1 1 1 0 0 0 0 1 1 1 1 1 1 0 0 0 0 1 1 1 1 1],"[0.175    0.191    0.191    0.175    0.508    0.45     0.15     0.15
 0.2      0.433    0.2      0.217    0.367    0.342    0.192    0.266
 0.225    0.125    0.225    0.225    0.158    0.108    0.175    0.225
 0.275069]",0,sb_int-additive_comp-vsmean_gbatt-true_gbalt-false_lk-none_inh-free,0
6442,31,2,143,compromise,B,L,0,competitor,7820.0,0.72,0.68,0.52,7,15,35,0,1,2,False,True,False,[1 0 1 1 2 1 0 0 1 1 2 2 2 2 2 1 0 1 1 1 1 2 0 2 2 2 0],[0 1 1 1 1 1 1 0 0 1 0 0 1 1 0 1 0 0 0 1 1 1 1 0 0 1 1],"[0.192    0.367    0.125    0.25     0.375    0.233    0.275    0.317
 0.183    0.408    0.233    0.116    0.208    0.125    0.191    0.183
 0.2      0.216    0.2      0.508    0.091    0.233    0.342    0.275
 0.141    0.183    0.315505]",0,sb_int-additive_comp-vsmean_gbatt-true_gbalt-false_lk-none_inh-free,0
6443,31,2,144,attraction,A,R,0,target,11080.0,0.78,0.62,0.76,7,14,6,2,0,1,False,False,False,[2 1 1 2 0 2 1 1 2 0 0 0 1 1 0 0 0 2 2 2 1 2 2 0 2 1 2 0 0 1 1 1 1 0 0],[1 1 0 0 0 1 1 1 1 1 0 0 0 1 1 1 0 0 0 0 0 1 1 1 1 1 0 0 1 1 0 0 1 1 1],"[0.116    0.183    0.367    0.325    0.125    0.166    0.091    0.2
 0.3      0.475    0.2      0.358    0.408    0.433    0.158    0.183
 0.792    0.158    0.467    0.108    0.3      0.183    0.091    0.383
 0.726    0.367    0.183    0.192    0.108    0.275    0.166    0.141
 0.2      0.216    0.196099]",0,sb_int-additive_comp-vsmean_gbatt-true_gbalt-false_lk-none_inh-free,0
6444,31,2,145,compromise,A,L,2,decoy,6430.0,0.75,0.65,0.85,7,15,3,1,2,0,True,False,True,[0 2 2 2 2 0 0 0 1 1 1 0 0 0 0 1 1 1 0 0 2 2 2 2 2 2],[0 0 0 1 1 0 0 0 1 1 0 1 0 0 1 0 0 1 0 0 0 0 1 1 0 0],"[0.108    0.166    0.458    0.175    0.133    0.091    0.175    0.125
 0.183    0.292    0.2      0.225    0.383    0.125    0.308    0.241
 0.091    0.258    0.125    0.141    0.091    0.116    0.166    0.25
 0.333    0.415266]",0,sb_int-additive_comp-vsmean_gbatt-true_gbalt-false_lk-none_inh-free,0
6445,31,2,146,attraction,A,R,0,target,9110.0,0.72,0.68,0.7,6,14,5,2,1,0,False,True,False,[2 2 1 0 1 1 2 2 2 1 1 0 0 0 1 1 0 2 0 0 2 2 2 2 2 1 1 0 0 1 1 1 0],[1 1 0 1 1 1 1 1 1 0 0 0 1 1 1 1 1 1 1 0 0 1 0 0 1 1 0 1 0 1 1 0 1],"[0.191    0.091    0.175    0.425    0.25     0.141    0.116    0.191
 0.267    0.267    0.133    0.183    0.1      0.367    0.125    0.35
 0.2      0.217    0.208    0.208    0.316    0.258    0.15     0.158
 0.166    0.508    0.283    0.592    0.141    0.208    0.116    0.3
 0.110107]",0,sb_int-additive_comp-vsmean_gbatt-true_gbalt-false_lk-none_inh-free,0
6446,31,2,147,compromise,A,L,2,decoy,10520.0,0.75,0.62,0.88,6,15,3,2,1,0,False,True,True,"[1 2 2 2 2 2 2 1 1 0 0 1 1 1 1 1 1 1 1 1 1 1 0 1 0 0 0 0 0 2 2 2 2 2 0 0 0
 2 2 2]","[0 0 1 1 0 0 1 1 0 1 1 0 1 0 0 0 0 0 1 1 0 0 1 1 0 1 1 0 0 1 1 0 0 1 0 1 1
 0 1 0]","[0.183   0.183   0.225   0.508   0.125   0.158   0.2     0.183   0.558
 0.233   0.108   0.141   0.433   0.083   0.642   0.108   0.166   0.116
 0.133   0.283   0.283   0.15    0.4     0.3     0.383   0.141   0.158
 0.1     0.166   0.2     0.091   0.258   0.083   0.208   0.133   0.108
 0.275   0.2     0.166   0.03154]",2,sb_int-additive_comp-vsmean_gbatt-true_gbalt-false_lk-none_inh-free,0
6447,31,2,148,attraction,A,R,0,target,4660.0,0.78,0.68,0.76,6,15,5,2,0,1,False,False,True,[2 1 1 1 2 2 0 0 0 2 2 2 2 2 1 1 0],[0 1 1 0 0 0 1 0 0 1 0 0 1 0 1 1 1],"[0.141    0.2      0.108    1.009    0.133    0.3      0.408    0.175
 0.1      0.3      0.2      0.275    0.191    0.108    0.1      0.108
 0.082853]",2,sb_int-additive_comp-vsmean_gbatt-true_gbalt-false_lk-none_inh-free,0
6448,31,2,149,attraction,A,M,0,target,7310.0,0.72,0.65,0.7,7,15,6,1,0,2,False,False,True,[0 1 0 0 2 2 0 0 1 0 0 0 1 1 1 0 2 2 2 2 0 0 0 0 2 2 2 0],[1 1 1 1 1 1 1 1 1 1 0 0 0 1 1 1 0 0 1 0 1 0 0 1 0 0 1 1],"[0.15  0.392 0.208 0.108 0.1   0.275 0.2   0.325 0.35  0.1   0.283 0.133
 0.233 0.133 0.266 0.225 0.175 0.15  0.208 0.191 0.225 0.191 0.125 0.475
 0.091 0.125 0.133 0.317]",2,sb_int-additive_comp-vsmean_gbatt-true_gbalt-false_lk-none_inh-free,0
6449,31,2,150,compromise,A,L,2,decoy,9170.0,0.72,0.68,0.82,7,15,2,2,1,0,False,True,True,[1 1 1 0 1 2 2 2 2 2 0 0 0 1 0 2 1 1 1 0 0 0 2 2 2 2 0 0 0 0 2 2 2 2],[0 0 1 0 1 1 0 0 1 1 1 1 0 1 0 1 1 0 0 1 1 1 0 0 1 0 1 1 0 0 1 1 0 0],"[0.192    0.133    0.45     0.425    0.216    0.333    0.1      0.225
 0.116    0.183    0.108    0.191    0.35     0.291    0.292    0.25
 0.241    0.191    0.175    0.25     0.133    0.225    0.133    0.183
 0.4      0.442    0.1      0.175    0.175    0.158    0.166    0.108
 0.108    0.212474]",2,sb_int-additive_comp-vsmean_gbatt-true_gbalt-false_lk-none_inh-free,0
6450,31,3,151,filler,,L,2,,16740.0,0.16,0.46,0.87,62,21,11,2,1,0,False,False,False,"[1 2 1 2 2 2 1 1 0 1 1 1 1 0 0 1 2 2 2 2 1 0 2 2 2 2 2 2 2 0 0 1 1 1 1 1 0
 0 1 1 1 1 0 0 0 1 2 2 1 1 1 0 0 0 2 2 2]","[1 1 1 1 0 0 0 1 1 1 1 1 1 1 1 1 1 1 0 0 0 0 1 1 0 0 1 1 1 1 1 1 1 0 0 1 1
 0 0 0 0 1 1 0 0 0 1 1 1 0 0 0 1 1 1 0 1]","[0.166    0.216    0.141    0.15     0.333    0.15     0.108    0.125
 0.383    0.125    0.208    0.108    0.217    0.2      0.342    0.216
 0.759    0.083    0.3      0.108    0.2      0.358    0.108    0.367
 0.267    0.675    0.709    0.208    0.367    0.091    0.241    0.141
 0.15     0.225    0.25     0.333    0.25     0.492    0.383    0.183
 0.358    0.317    0.333    0.241    0.108    0.375    0.15     0.25
 0.242    0.1      0.191    0.158    0.083    0.158    0.133    0.191
 0.304953]",2,sb_int-additive_comp-vsmean_gbatt-true_gbalt-false_lk-none_inh-free,0
6451,31,3,152,attraction,A,L,0,target,7330.0,0.75,0.65,0.73,4,15,3,0,2,1,True,False,False,[2 0 0 2 1 1 2 2 0 0 0 2 2 2 2 0 2 0 0 0 2 1 1 1 1 0],[1 0 1 1 1 1 1 1 0 1 1 1 1 0 0 0 1 0 1 1 0 0 1 0 0 0],"[0.116    0.225    0.609    0.458    0.175    0.492    0.108    0.091
 0.258    0.275    0.083    0.1      0.158    0.167    0.166    0.358
 0.233    0.308    0.233    0.116    0.2      0.125    0.425    0.125
 0.258    0.324275]",0,sb_int-additive_comp-vsmean_gbatt-true_gbalt-false_lk-none_inh-free,0
6452,31,3,153,attraction,B,L,0,competitor,12090.0,0.78,0.65,0.63,5,15,14,0,2,1,True,False,False,[2 0 0 0 0 0 0 0 0 0 0 0 2 1 2 0 0 0 0 2 2 1 1 1 2 1 2 1 1 1 1 2 2 1 0 0 0],[1 0 1 0 0 0 1 1 0 1 1 0 1 1 1 0 0 1 1 1 1 1 0 0 0 0 1 1 1 0 0 0 1 1 0 1 0],"[0.133    0.166    0.784    0.233    0.342    0.392    0.534    0.208
 0.325    0.258    0.15     0.2      0.175    0.375    0.2      0.283
 0.141    0.192    0.241    0.225    0.133    0.275    0.175    0.15
 0.375    0.166    0.45     0.283    0.492    0.216    0.1      0.166
 0.275    0.35     0.192    0.409    0.380486]",0,sb_int-additive_comp-vsmean_gbatt-true_gbalt-false_lk-none_inh-free,0
6453,31,3,154,attraction,A,R,0,target,18170.0,0.75,0.65,0.73,5,14,4,2,0,1,False,True,False,"[2 1 1 2 0 0 0 1 2 2 0 0 1 1 1 0 0 2 2 2 0 0 0 0 1 1 1 1 1 0 0 0 2 1 2 0 0
 0 2 2 2 2 0 0 0 0 2 2 0 0 0 0 0 2 2 2 0 0 2]","[1 0 1 0 0 1 1 0 1 1 0 0 1 0 0 0 0 1 0 0 0 0 1 1 0 1 1 0 0 1 0 0 0 1 1 1 1
 0 0 1 0 1 1 1 0 1 0 1 1 1 0 0 1 1 0 0 0 1 1]","[0.133   0.116   0.383   0.2     0.158   0.175   0.141   0.7     0.158
 0.208   0.108   0.634   0.433   0.4     0.083   0.141   0.392   0.584
 0.175   0.1     0.15    0.192   0.291   0.158   0.266   0.141   0.308
 0.1     0.976   0.2     0.2     0.241   0.1     0.325   0.108   0.308
 0.091   0.509   0.125   0.792   0.175   0.442   0.183   0.108   0.258
 0.225   0.233   0.233   0.241   0.133   0.091   0.4     0.2     0.283
 0.225   0.125   0.1     0.191   0.12488]",0,sb_int-additive_comp-vsmean_gbatt-true_gbalt-false_lk-none_inh-free,0
6454,31,3,155,attraction,B,M,0,competitor,15040.0,0.75,0.65,0.63,4,14,13,1,0,2,True,True,False,"[0 1 1 1 0 2 2 2 0 1 1 1 1 1 1 0 2 0 0 0 0 2 2 0 0 0 0 2 2 2 2 0 1 0 2 0 0
 0 0 2 1 1 2 2 0 0 1 0 2 1 2 2 2 1]","[0 0 0 1 1 0 0 1 0 0 0 0 0 1 1 1 1 0 0 0 0 0 1 0 0 1 1 0 0 1 1 1 0 0 0 1 1
 0 0 1 1 1 0 0 0 0 0 1 1 1 1 1 0 0]","[0.083 0.108 0.083 0.208 0.158 0.208 0.208 0.433 0.267 0.208 0.7   0.325
 0.433 0.216 0.125 0.542 0.375 0.091 0.258 0.091 0.133 0.216 0.175 0.183
 0.158 0.125 0.434 0.241 0.1   0.175 0.241 0.225 0.35  0.183 0.425 0.2
 0.125 0.225 0.45  0.25  0.133 0.091 0.141 0.2   0.083 0.1   0.141 0.241
 0.308 0.375 0.166 0.325 0.166 0.258]",0,sb_int-additive_comp-vsmean_gbatt-true_gbalt-false_lk-none_inh-free,0
6455,31,3,156,attraction,B,R,0,competitor,12730.0,0.78,0.65,0.63,4,15,14,2,1,0,True,True,True,"[2 2 1 0 1 1 2 1 1 1 2 2 1 1 1 0 0 0 0 0 0 1 1 1 0 0 0 1 1 1 1 1 0 1 0 0 1
 1 0 0 0]","[0 1 1 1 1 1 1 1 1 0 0 1 1 0 0 0 1 1 0 1 1 1 0 0 0 0 0 0 1 1 0 1 1 1 1 1 1
 1 0 0 0]","[0.133    0.275    0.208    0.967    0.208    0.15     0.35     0.116
 0.2      0.308    0.216    0.383    0.325    0.175    0.216    0.517
 0.091    0.325    0.283    0.091    0.275    0.275    0.183    0.15
 0.283    0.308    0.183    0.241    0.183    0.141    0.35     0.233
 0.4      0.283    0.392    0.684    0.2      0.116    0.133    0.283
 0.078965]",0,sb_int-additive_comp-vsmean_gbatt-true_gbalt-false_lk-none_inh-free,0
6456,31,3,157,attraction,A,R,1,competitor,14870.0,0.72,0.68,0.7,4,14,3,1,2,0,True,True,True,"[2 2 2 0 1 1 1 1 0 0 2 0 1 1 0 0 2 2 2 0 0 0 0 2 2 2 2 2 0 1 1 1 1 0 0 1 1
 1 0 2 1 1 1 1 0 0 1]","[0 0 1 1 1 1 0 0 0 1 1 1 1 1 0 0 0 0 0 0 0 0 1 1 0 0 1 1 1 1 0 0 1 1 1 1 0
 1 1 1 1 1 0 0 0 0 0]","[0.642    0.2      0.35     0.15     0.158    0.291    0.125    0.183
 0.191    0.233    1.293    0.208    0.225    0.392    0.133    0.25
 0.2      0.559    0.475    0.275    0.25     0.166    0.275    0.275
 0.125    0.291    0.15     0.166    0.233    0.342    0.175    0.158
 0.342    0.166    0.108    0.191    0.266    0.542    0.342    0.375
 0.1      0.191    0.15     0.108    0.258    0.141    0.196582]",0,sb_int-additive_comp-vsmean_gbatt-true_gbalt-false_lk-none_inh-free,0
6457,31,3,158,filler,,R,2,,7670.0,0.28,0.67,0.78,35,14,12,1,0,2,True,True,True,[0 0 0 1 1 1 0 0 2 2 2 2 1 1 1 1 2 2 2 2 2 0 0 0],[0 1 1 1 0 0 0 1 1 0 0 1 1 0 1 0 0 0 1 1 0 0 1 0],"[0.158 0.1   0.216 0.767 0.2   0.175 0.233 0.217 0.458 0.166 0.158 0.166
 0.383 0.233 0.442 0.166 0.125 0.325 0.108 0.575 0.233 0.241 0.342 0.242]",2,sb_int-additive_comp-vsmean_gbatt-true_gbalt-false_lk-none_inh-free,0
6458,31,3,159,filler,,L,2,,6260.0,0.29,0.42,0.72,34,23,13,1,2,0,True,True,True,[0 2 0 1 2 2 2 2 1 1 1 0 0 0 2 2 2 2],[1 1 1 1 1 0 0 1 1 0 0 0 1 1 0 1 1 0],"[0.2      0.751    0.316    0.358    0.217    0.183    0.133    0.267
 0.275    0.183    0.116    0.333    0.141    0.192    0.2      0.15
 0.584    0.361322]",2,sb_int-additive_comp-vsmean_gbatt-true_gbalt-false_lk-none_inh-free,0
6459,31,3,160,attraction,A,L,0,target,7160.0,0.75,0.65,0.73,5,15,4,0,1,2,False,True,True,[1 0 0 0 0 0 0 0 0 0 1 1 2 2 0 0 0 0 0 1 2 2 1 1 1 1 0 0],[0 1 0 0 1 1 0 0 1 1 1 1 1 0 1 1 0 0 1 0 0 1 1 0 0 1 1 0],"[0.183 0.175 0.183 0.191 0.208 0.133 0.175 0.091 0.1   0.183 0.125 0.3
 0.817 0.242 0.116 0.183 0.183 0.125 0.192 0.133 0.208 0.216 0.225 0.191
 0.191 0.442 0.292 0.158]",1,sb_int-additive_comp-vsmean_gbatt-true_gbalt-false_lk-none_inh-free,0
6460,31,3,161,attraction,B,R,0,competitor,9680.0,0.72,0.62,0.6,5,14,13,2,0,1,True,True,True,[1 1 1 2 2 0 0 0 0 1 2 1 1 2 2 2 0 0 0 1 2 1 1 2 2 2 1 1 2 0 0 0 0 0],[0 1 0 0 1 1 0 0 1 1 1 1 1 1 0 0 0 1 1 1 1 0 1 1 0 0 0 1 1 1 0 0 1 0],"[0.2      0.308    0.175    0.175    0.333    0.659    0.233    0.183
 0.216    0.233    0.25     0.158    0.325    0.241    0.191    0.15
 0.35     0.141    0.191    0.4      0.283    0.233    0.258    0.208
 0.15     0.167    0.183    0.2      0.191    0.15     0.083    0.275
 0.233    0.191709]",0,sb_int-additive_comp-vsmean_gbatt-true_gbalt-false_lk-none_inh-free,0
6461,31,3,162,filler,,M,2,,7760.0,0.19,0.56,0.8,52,17,12,0,2,1,False,True,False,[0 0 0 0 0 0 2 1 2 2 0 2 2 1 2 2 1 1 1 1 1 1 1 2 2 2],[1 0 0 0 1 1 0 1 1 1 1 1 0 0 1 1 1 0 1 1 1 1 0 0 1 0],"[0.108    0.266    0.417    0.091    0.175    0.15     0.208    0.283
 0.133    0.216    0.317    0.433    0.425    0.125    0.125    0.158
 0.45     0.408    0.116    0.116    0.216    0.141    0.15     0.4
 0.266    0.213784]",2,sb_int-additive_comp-vsmean_gbatt-true_gbalt-false_lk-none_inh-free,0
6462,31,3,163,attraction,B,R,0,competitor,8980.0,0.78,0.68,0.66,4,14,13,2,0,1,False,False,True,[2 1 1 1 2 0 0 0 1 1 2 2 1 1 1 1 0 0 0 0 1 1 0 0 0 1 1 0 0],[0 1 0 0 0 1 0 0 0 0 0 0 0 0 1 1 1 0 0 1 1 1 0 1 1 1 0 1 1],"[0.133    0.191    0.233    0.1      0.325    0.542    0.258    0.609
 0.141    0.208    0.091    0.559    0.425    0.083    0.091    0.358
 0.225    0.367    0.083    0.308    0.083    0.141    0.217    0.525
 0.175    0.342    0.241    0.15     0.120729]",0,sb_int-additive_comp-vsmean_gbatt-true_gbalt-false_lk-none_inh-free,0
6463,31,3,164,compromise,B,L,0,competitor,7310.0,0.75,0.62,0.58,4,15,34,0,1,2,False,True,True,[0 0 0 1 2 1 0 0 0 0 0 2 2 2 1 1 2 2 1 1 0 0],[1 0 0 1 1 1 0 1 1 0 1 0 0 1 0 1 1 1 1 0 1 1],"[0.141    0.267    0.216    0.2      0.625    0.2      0.166    0.25
 0.534    0.2      0.25     0.175    0.108    0.342    0.35     0.442
 0.208    0.083    0.15     0.342    0.408    0.313534]",0,sb_int-additive_comp-vsmean_gbatt-true_gbalt-false_lk-none_inh-free,0
6464,31,3,165,compromise,A,M,2,decoy,12380.0,0.78,0.62,0.85,5,14,2,0,2,1,False,False,True,[0 0 0 2 2 2 2 2 2 1 1 1 0 0 2 2 0 0 0 2 2 2 2 2 1 1 0 0 0 0 0 2 2 2],[1 0 0 1 1 0 1 1 0 1 0 0 0 1 1 0 1 0 0 1 1 0 0 1 0 1 1 1 0 0 1 1 1 0],"[0.183    0.141    0.175    0.083    0.241    0.483    0.25     0.125
 0.292    0.2      0.191    0.133    0.417    1.735    0.567    0.3
 0.325    0.258    0.358    0.342    0.292    0.442    0.3      0.208
 0.333    0.116    0.233    0.141    0.133    0.15     0.367    0.15
 0.267    0.316012]",2,sb_int-additive_comp-vsmean_gbatt-true_gbalt-false_lk-none_inh-free,0
6465,31,3,166,compromise,A,M,2,decoy,4720.0,0.78,0.68,0.88,4,15,3,2,0,1,True,False,False,[2 2 2 2 1 1 1 0 0 0 0 0 2 1 1 2],[1 0 1 1 1 0 0 1 1 0 0 1 0 1 1 1],"[0.208    0.483    0.183    0.125    0.233    0.292    0.15     0.2
 0.425    0.233    0.283    0.183    0.141    0.15     0.25     0.227055]",2,sb_int-additive_comp-vsmean_gbatt-true_gbalt-false_lk-none_inh-free,0
6466,31,3,167,attraction,B,M,0,competitor,10270.0,0.75,0.68,0.66,4,14,13,1,2,0,False,True,True,[0 0 1 0 2 0 0 1 1 1 0 0 0 0 2 0 0 1 1 1 2 2 2 2 0 0 0 0 0 1 1 1 2 2 2 0],[1 1 0 0 1 0 0 1 0 0 1 1 1 1 0 1 1 1 1 1 0 0 1 1 0 1 1 1 0 0 0 1 1 0 0 1],"[0.158    0.183    0.308    0.166    0.375    0.2      0.2      0.208
 0.242    0.125    0.217    0.25     0.4      0.208    0.5      0.15
 0.342    0.208    0.275    0.158    0.35     0.158    0.559    0.1
 0.216    0.208    0.15     0.317    0.166    0.183    0.458    0.283
 0.292    0.175    0.225    0.132218]",0,sb_int-additive_comp-vsmean_gbatt-true_gbalt-false_lk-none_inh-free,0
6467,31,3,168,attraction,A,R,0,target,14070.0,0.72,0.65,0.7,4,14,3,2,1,0,False,True,True,"[1 2 2 0 0 1 0 0 0 1 1 0 0 1 2 2 1 1 1 1 0 0 0 1 1 1 0 0 0 1 1 1 1 1 0 0 0
 0 1 1 2 2 2 1 0 0 2 1 1 1 0 0 0]","[1 1 0 0 0 1 0 1 1 0 0 0 0 1 0 0 1 0 0 0 1 0 0 1 0 0 1 1 1 0 0 0 1 1 0 1 1
 0 1 1 0 1 0 1 0 1 1 1 0 1 0 1 1]","[0.242    0.158    0.308    0.217    0.116    0.266    0.383    0.216
 0.1      0.125    0.116    0.125    0.191    0.308    0.225    0.191
 0.266    0.133    0.217    0.141    0.258    0.208    0.116    0.258
 0.158    0.175    0.233    0.35     0.208    0.083    0.358    0.108
 0.233    0.083    0.133    0.258    0.217    0.308    0.133    0.133
 0.25     0.433    0.3      0.167    0.35     0.258    0.141    0.183
 0.442    0.325    0.133    0.325    0.090747]",0,sb_int-additive_comp-vsmean_gbatt-true_gbalt-false_lk-none_inh-free,0
6468,31,3,169,compromise,A,L,2,decoy,12050.0,0.78,0.62,0.85,4,15,2,2,1,0,True,True,True,"[1 1 2 2 2 2 2 0 0 1 1 1 1 1 0 0 0 0 1 2 2 2 2 2 2 1 0 0 1 1 0 0 0 0 0 0 0
 0 2 2 0 2 2]","[0 1 1 1 0 0 0 1 1 1 1 0 0 1 1 1 0 0 0 0 1 1 0 0 1 1 1 0 0 1 1 0 0 0 1 1 0
 1 1 1 1 0 0]","[0.183    0.3      0.275    0.116    0.2      0.183    0.233    0.2
 0.091    0.358    0.1      0.175    0.116    0.292    0.1      0.25
 0.108    0.383    0.4      0.291    0.358    0.166    0.266    0.266
 0.158    0.133    0.15     0.233    0.308    0.292    0.367    0.091
 0.275    0.175    0.158    0.976    0.2      0.091    0.233    0.158
 0.225    0.266    0.198715]",2,sb_int-additive_comp-vsmean_gbatt-true_gbalt-false_lk-none_inh-free,0
6469,31,3,170,compromise,B,L,0,competitor,9940.0,0.72,0.62,0.55,5,14,35,0,1,2,False,False,True,[1 0 0 1 2 2 2 2 2 2 2 2 2 2 1 1 0 0 0 0 1 1 2 1 0 0 0 1 1 1 0 0 0 0],[1 1 0 0 1 0 0 0 0 0 0 0 1 1 1 1 1 1 0 0 0 0 1 0 0 0 1 1 0 1 1 1 1 1],"[0.091    0.308    0.191    0.225    0.317    0.233    0.358    0.191
 0.308    0.408    0.133    0.15     0.183    0.158    0.083    0.475
 0.1      0.392    0.141    0.183    0.292    0.208    0.208    0.308
 0.233    0.392    0.166    0.283    0.275    0.225    0.308    0.233
 0.158    0.254546]",1,sb_int-additive_comp-vsmean_gbatt-true_gbalt-false_lk-none_inh-free,0
6470,31,3,171,compromise,B,L,0,competitor,6860.0,0.72,0.68,0.55,4,14,35,0,1,2,False,False,False,[0 0 1 2 0 1 0 0 1 1 1 0 2 2 2 1 1 0 0 0],[1 1 1 1 1 1 1 0 0 1 1 1 1 0 0 0 0 0 1 1],"[0.116    0.2      0.241    0.283    0.275    0.517    0.408    0.342
 0.15     0.45     0.125    0.333    0.325    0.183    0.158    0.492
 0.183    0.158    0.158    0.696738]",1,sb_int-additive_comp-vsmean_gbatt-true_gbalt-false_lk-none_inh-free,0
6471,31,3,172,compromise,B,M,0,competitor,9840.0,0.72,0.62,0.58,4,14,35,1,2,0,True,True,True,[0 2 2 2 0 1 2 2 2 0 1 1 1 1 1 1 1 0 0 2 0 0 2 1 1 0 1 0 2 0 0 0 0 0 0 0],[0 0 1 1 1 1 0 0 0 0 0 0 0 0 1 1 0 0 1 1 1 1 1 1 1 1 1 1 1 0 1 1 1 0 1 0],"[0.133   0.192   0.2     0.375   0.3     0.283   0.3     0.15    0.116
 0.233   0.25    0.308   0.467   0.158   0.233   0.091   0.191   0.108
 0.175   0.241   0.283   0.15    0.233   0.208   0.108   0.217   0.35
 0.116   0.166   0.4     0.308   0.116   0.15    0.55    0.225   0.06182]",0,sb_int-additive_comp-vsmean_gbatt-true_gbalt-false_lk-none_inh-free,0
6472,31,3,173,attraction,A,L,0,target,12390.0,0.78,0.62,0.76,4,15,3,0,2,1,False,True,True,"[2 2 2 2 0 0 0 0 0 0 0 0 0 0 0 2 1 2 0 0 0 0 2 2 2 2 0 0 0 0 2 1 1 1 1 0 0
 0]","[0 1 0 0 1 1 0 0 1 1 1 1 1 0 0 1 1 1 0 0 1 1 1 1 0 0 0 0 1 1 0 1 0 0 1 1 1
 0]","[0.358    0.525    0.133    0.25     0.091    0.442    0.25     0.592
 0.292    1.76     0.091    0.717    0.208    0.2      0.216    0.342
 0.342    0.317    0.108    0.125    0.133    0.108    0.283    0.216
 0.2      0.141    0.208    0.166    0.225    0.083    0.175    0.433
 0.175    0.208    0.283    0.133    0.158    0.100914]",0,sb_int-additive_comp-vsmean_gbatt-true_gbalt-false_lk-none_inh-free,0
6473,31,3,174,compromise,B,L,1,target,14340.0,0.72,0.68,0.52,5,15,35,1,0,2,True,False,True,"[1 1 0 2 2 0 0 1 1 0 0 0 1 1 1 1 1 1 0 0 0 0 2 2 2 2 1 1 1 1 0 0 1 0 0 0 1
 1 1 1 0 2 2 2 1]","[1 0 1 1 0 0 0 0 0 0 1 1 1 1 0 0 1 1 0 1 1 0 1 1 0 0 1 1 0 0 0 0 1 1 1 0 0
 0 1 1 1 0 0 1 1]","[0.317    0.133    0.208    0.308    0.166    0.275    0.183    0.1
 0.225    0.175    0.175    0.267    0.342    0.166    0.976    0.508
 0.1      0.417    0.208    0.267    0.317    0.408    0.125    0.4
 0.175    0.233    0.183    0.141    0.116    0.892    0.091    0.191
 0.35     0.25     0.15     0.375    0.141    0.642    0.125    0.158
 0.183    0.1      0.425    0.2      0.204276]",0,sb_int-additive_comp-vsmean_gbatt-true_gbalt-false_lk-none_inh-free,0
6474,31,3,175,compromise,A,R,2,decoy,8870.0,0.75,0.68,0.88,4,15,3,0,1,2,True,True,False,[1 0 0 1 2 2 1 2 2 1 0 0 0 0 0 2 2 2 1 1 1 1 1 1 1 1 2 2 2 2 2],[0 0 1 1 0 1 0 0 0 1 1 0 0 1 1 0 1 1 0 0 1 0 0 1 1 0 1 0 0 1 1],"[0.116   0.133   0.759   0.25    0.2     0.258   0.208   0.208   0.116
 0.141   0.417   0.166   0.217   0.116   0.141   0.175   0.216   0.108
 0.25    0.191   0.417   0.267   0.091   0.283   0.375   0.35    0.258
 0.233   0.116   0.208   0.15135]",2,sb_int-additive_comp-vsmean_gbatt-true_gbalt-false_lk-none_inh-free,0
6475,31,3,176,attraction,A,R,0,target,8029.999999999999,0.72,0.65,0.7,4,15,3,2,0,1,False,False,True,[2 1 1 1 2 0 0 2 1 1 2 0 2 0 2 2 0 1 1 1 1 1 0 0],[0 1 0 0 0 1 0 1 0 0 0 1 0 0 1 0 1 1 0 1 1 0 0 1],"[0.116    0.358    0.233    0.183    0.225    0.25     0.141    0.133
 0.4      1.101    0.342    0.408    0.091    0.258    0.25     0.225
 0.425    0.283    0.325    0.133    0.233    0.25     0.15     0.261542]",2,sb_int-additive_comp-vsmean_gbatt-true_gbalt-false_lk-none_inh-free,0
6476,31,3,177,attraction,B,M,0,competitor,16260.000000000002,0.78,0.62,0.6,4,14,13,1,0,2,False,True,False,"[0 1 1 0 2 2 0 0 0 0 0 1 2 2 0 0 1 0 0 0 1 2 2 0 1 1 1 0 0 0 0 2 2 2 2 1 0
 0 0 0 0 0 2 2 1 1 1 1 1 1 0 0 0 2 2 2 2 2 1 0]","[1 0 1 0 0 0 0 0 1 0 0 0 0 1 0 0 0 1 1 0 0 1 0 0 1 1 1 0 0 1 1 1 0 0 0 0 0
 0 1 1 1 0 1 1 0 0 1 1 0 0 0 0 1 1 0 0 1 1 0 1]","[0.141    0.1      0.358    0.183    0.225    0.183    0.1      0.2
 0.625    0.166    0.358    0.35     0.091    0.425    0.116    0.258
 0.484    0.25     0.141    0.358    0.175    0.25     0.342    0.175
 0.55     0.3      0.5      0.158    0.208    0.225    0.25     0.216
 0.191    0.241    0.158    0.342    0.133    0.267    0.183    0.3
 0.216    0.308    0.116    0.175    0.175    0.125    0.158    0.225
 0.183    0.091    0.125    0.242    0.317    0.25     0.175    0.125
 0.125    0.191    0.242    0.038373]",0,sb_int-additive_comp-vsmean_gbatt-true_gbalt-false_lk-none_inh-free,0
6477,31,3,178,compromise,A,R,2,decoy,5720.0,0.75,0.65,0.85,5,15,3,0,1,2,False,True,True,[1 0 0 1 1 2 2 2 1 0 0 1 1 1 1 1 0 0 0 0 2 2 2 2],[0 1 0 1 1 1 0 0 0 1 0 1 0 1 1 0 0 0 1 0 1 1 0 0],"[0.133    0.233    0.116    0.083    0.141    0.358    0.15     0.158
 0.166    0.2      0.383    0.2      0.25     0.45     0.1      0.141
 0.333    0.091    0.241    0.116    0.125    0.125    0.233    0.126714]",2,sb_int-additive_comp-vsmean_gbatt-true_gbalt-false_lk-none_inh-free,0
6478,31,3,179,compromise,B,L,0,competitor,6740.0,0.78,0.65,0.52,5,14,34,0,2,1,True,True,True,[2 2 0 0 0 2 1 1 2 0 0 1 1 1 1 0 2 2 2 2 0 0],[0 1 1 1 1 1 1 1 1 0 0 0 0 1 1 1 1 1 0 0 0 1],"[0.183    0.191    0.216    0.283    0.342    0.175    0.809    0.083
 0.1      0.208    0.292    0.158    0.283    0.216    0.125    0.283
 0.166    0.2      0.258    0.291    0.333    0.365399]",0,sb_int-additive_comp-vsmean_gbatt-true_gbalt-false_lk-none_inh-free,0
6479,31,3,180,attraction,A,M,0,target,5250.0,0.72,0.65,0.7,4,15,3,1,2,0,True,True,False,[0 1 1 1 2 0 1 2 0 0 0 2 1 2 2 1 1],[0 0 1 1 0 0 1 0 0 1 1 1 0 1 0 0 1],"[0.191 0.208 0.217 0.108 0.55  0.392 0.4   0.258 0.283 0.175 0.116 0.133
 0.191 0.225 0.241 0.275 0.258]",1,sb_int-additive_comp-vsmean_gbatt-true_gbalt-false_lk-none_inh-free,0
6480,31,3,181,attraction,B,M,0,competitor,11430.0,0.72,0.62,0.6,5,15,14,1,2,0,True,False,False,"[0 2 2 1 0 0 1 1 0 0 0 0 2 2 0 0 1 1 2 2 2 0 0 0 1 1 1 1 2 2 2 1 1 1 1 1 2
 1 0 0]","[0 1 1 0 0 1 1 1 0 0 1 1 0 1 0 0 0 0 1 1 1 0 1 1 0 1 1 1 1 0 0 0 1 1 0 0 0
 1 0 1]","[0.333   0.208   0.116   0.5     0.442   0.342   0.141   0.225   0.091
 0.175   0.158   0.158   0.517   1.017   0.233   0.2     0.241   0.442
 0.108   0.141   0.559   0.241   0.191   0.125   0.2     0.233   0.183
 0.1     0.233   0.15    0.2     0.216   0.1     0.2     0.191   0.116
 0.2     0.175   0.233   0.11254]",0,sb_int-additive_comp-vsmean_gbatt-true_gbalt-false_lk-none_inh-free,0
6481,31,3,182,compromise,A,L,2,decoy,12720.0,0.72,0.68,0.82,5,15,2,2,1,0,True,False,True,"[1 0 2 2 2 2 2 2 2 2 2 1 1 1 0 0 0 0 2 2 2 2 2 2 2 2 1 0 0 1 1 0 2 2 2 2 2
 0 0 0 2 2 0 0 2 2]","[1 1 1 1 1 0 0 0 1 0 0 1 0 0 0 0 1 1 1 1 0 0 0 0 1 1 0 1 1 1 0 0 0 1 1 0 0
 0 1 1 0 1 1 0 0 0]","[0.3      0.325    0.158    0.116    0.133    0.25     0.542    0.133
 0.383    0.258    0.116    0.158    0.183    0.5      0.15     0.258
 0.15     0.775    0.108    0.183    0.15     0.667    0.275    0.158
 0.175    0.258    0.083    0.133    0.216    0.308    0.125    0.383
 0.175    0.108    0.242    0.116    0.158    0.2      0.283    0.1
 0.191    0.358    0.283    0.25     0.133    0.099491]",2,sb_int-additive_comp-vsmean_gbatt-true_gbalt-false_lk-none_inh-free,0
6482,31,3,183,compromise,B,R,0,competitor,8220.0,0.72,0.65,0.58,4,15,34,2,1,0,True,True,True,[2 2 1 0 0 0 0 0 0 1 0 0 1 1 1 2 2 1 1 0 0 1 1 2 2 0 0],[0 0 0 0 0 1 1 1 1 1 1 0 0 1 1 1 1 1 1 1 0 0 0 0 1 0 0],"[0.191    0.158    0.283    0.216    0.083    0.233    0.1      0.166
 0.216    0.233    1.285    0.175    0.242    0.166    0.558    0.325
 0.175    0.125    0.225    0.325    0.166    0.333    0.083    0.375
 0.141    0.091    0.182709]",0,sb_int-additive_comp-vsmean_gbatt-true_gbalt-false_lk-none_inh-free,0
6483,31,3,184,filler,,M,2,,8300.0,0.27,0.47,0.86,37,21,11,2,0,1,False,False,True,[1 1 0 0 0 2 2 2 2 2 2 1 1 1 0 0 0 0 0 2 2 2 2 0 1 1 1 1 1 2 1 0 0 2 2],[0 0 1 1 0 0 0 1 1 0 0 1 0 0 1 0 0 1 1 0 0 1 1 0 0 0 1 1 1 0 0 1 1 0 1],"[0.108    0.225    0.133    0.283    0.2      0.183    0.141    0.191
 0.183    0.317    0.383    0.233    0.242    0.133    0.267    0.225
 0.091    0.141    0.141    0.125    0.116    0.108    0.242    0.392
 0.166    0.225    0.125    0.191    0.267    0.308    0.158    0.116
 0.116    0.175    0.170656]",2,sb_int-additive_comp-vsmean_gbatt-true_gbalt-false_lk-none_inh-free,0
6484,31,3,185,attraction,B,M,0,competitor,10140.0,0.78,0.65,0.63,5,15,14,1,0,2,True,True,False,"[0 1 1 0 2 2 0 0 2 2 2 2 2 2 0 1 1 1 0 2 2 2 2 2 0 0 1 1 1 1 0 0 0 1 0 0 1
 0 0]","[0 1 1 1 1 1 0 0 1 1 0 0 1 1 1 1 0 0 0 1 0 0 0 1 1 1 1 1 0 0 1 0 0 0 1 1 1
 1 0]","[0.175    0.216    0.108    0.475    0.108    0.241    0.183    0.2
 0.191    0.141    0.191    0.183    0.166    0.317    0.292    0.592
 0.208    0.216    0.091    0.25     0.141    0.1      0.125    0.158
 0.2      0.1      0.183    0.175    0.2      0.141    0.467    0.1
 0.417    0.266    0.2      0.275    0.45     0.125    0.251239]",0,sb_int-additive_comp-vsmean_gbatt-true_gbalt-false_lk-none_inh-free,0
6485,31,3,186,compromise,A,M,2,decoy,6040.0,0.78,0.65,0.82,5,14,3,0,2,1,False,False,False,[0 0 2 2 2 1 1 1 2 2 0 0 0 0 2 0 2 2 0 1 1 2 2],[1 0 0 0 1 1 0 0 0 1 1 0 0 1 1 1 0 0 0 0 1 1 1],"[0.208    0.175    0.483    0.091    0.308    0.2      0.291    0.091
 0.15     0.275    0.208    0.191    0.15     0.3      0.375    0.15
 0.091    0.133    0.208    0.208    0.35     0.1      0.223912]",2,sb_int-additive_comp-vsmean_gbatt-true_gbalt-false_lk-none_inh-free,0
6486,31,3,187,compromise,B,R,1,target,9700.0,0.72,0.68,0.58,4,15,35,1,2,0,True,True,False,[0 0 0 1 1 2 0 1 1 1 1 1 0 0 1 0 1 1 1 1 0 0 2 2 2 0 0 0 0 1 1 0 0 0 1 1 1],[0 1 1 0 0 1 0 0 1 1 0 0 0 1 1 1 0 0 1 1 1 0 1 0 0 1 1 1 0 1 1 0 1 1 0 0 0],"[0.133    0.091    0.325    0.175    0.191    0.442    0.383    0.392
 0.191    0.15     0.225    0.116    0.208    0.116    0.116    0.241
 0.242    0.15     0.141    0.233    0.342    0.175    0.25     0.208
 0.1      0.175    0.291    0.116    0.166    0.15     0.342    0.275
 0.133    0.183    0.091    0.133    0.151459]",0,sb_int-additive_comp-vsmean_gbatt-true_gbalt-false_lk-none_inh-free,0
6487,31,3,188,filler,,R,2,,5910.0,0.32,0.48,0.85,31,20,11,0,1,2,False,True,True,[1 0 1 1 2 2 2 0 0 0 1 1 1 2],[0 1 1 1 1 0 0 1 1 1 1 0 0 0],"[0.133    0.367    0.116    0.175    0.342    0.183    0.083    0.116
 0.358    2.177    0.308    0.158    0.1      0.240035]",2,sb_int-additive_comp-vsmean_gbatt-true_gbalt-false_lk-none_inh-free,0
6488,31,3,189,compromise,B,L,1,target,9010.0,0.72,0.68,0.58,5,14,35,2,0,1,False,True,True,[2 1 1 2 2 0 0 1 1 0 0 0 0 1 1 0 0 1 1 1 0 0 1 1 0 0 2 2 2 2 2 2 1 1],[0 0 1 0 0 0 0 1 1 0 0 1 1 0 1 0 0 1 0 0 1 0 1 1 0 0 0 1 1 0 0 1 1 0],"[0.208    0.133    0.45     0.133    0.217    0.283    0.267    0.225
 0.166    0.133    0.217    0.116    0.191    0.325    0.367    0.283
 0.25     0.191    0.166    0.091    0.308    0.3      0.1      0.183
 0.133    0.15     0.2      0.208    0.308    0.158    0.3      0.125
 0.125    0.337108]",0,sb_int-additive_comp-vsmean_gbatt-true_gbalt-false_lk-none_inh-free,0
6489,31,3,190,attraction,B,R,0,competitor,7680.0,0.72,0.65,0.63,5,14,13,2,0,1,False,False,True,[2 0 0 0 1 1 1 1 0 0 0 0 0 2 2 2 2 2 2 2 2 0 1 2 1 2 0],[0 1 0 1 1 1 0 1 1 1 0 1 0 0 0 1 1 1 1 0 0 1 0 0 1 1 1],"[0.175    0.492    0.283    0.141    0.108    0.083    0.567    0.292
 0.158    0.141    0.166    0.225    0.308    0.2      0.091    0.166
 0.35     0.317    0.108    0.208    0.25     0.15     0.592    0.2
 0.191    0.166    0.279174]",0,sb_int-additive_comp-vsmean_gbatt-true_gbalt-false_lk-none_inh-free,0
6490,31,3,191,attraction,A,L,0,target,6310.0,0.78,0.68,0.76,5,15,4,0,2,1,False,True,False,[2 0 0 0 2 1 1 1 1 1 1 1 1 2 2 2 2 2 2 2 0 2 0 0],[1 1 0 0 1 0 0 1 1 0 1 1 0 1 0 0 1 1 0 0 1 1 0 1],"[0.091    0.4      0.2      0.083    0.2      0.15     0.116    0.283
 0.141    0.408    0.25     0.141    0.158    0.208    0.267    0.108
 0.091    0.258    0.1      0.141    0.408    0.225    0.35     0.473476]",0,sb_int-additive_comp-vsmean_gbatt-true_gbalt-false_lk-none_inh-free,0
6491,31,3,192,compromise,A,R,2,decoy,4450.0,0.75,0.62,0.88,4,15,3,1,0,2,True,False,True,[1 1 0 0 2 2 2 0 0 0 0 0 0 1 1 1 2],[0 0 0 0 1 0 0 0 0 1 1 0 0 1 1 0 0],"[0.233 0.083 0.191 0.175 0.408 0.108 0.25  0.091 0.1   0.15  0.342 0.375
 0.258 0.1   0.291 0.141 0.125]",2,sb_int-additive_comp-vsmean_gbatt-true_gbalt-false_lk-none_inh-free,0
6492,31,3,193,attraction,B,L,0,competitor,6190.0,0.72,0.62,0.6,5,15,14,0,2,1,True,False,True,[0 0 0 0 1 1 2 0 0 0 0 1 1 1 1 2 2 2 2 2 2 0],[1 0 0 1 0 0 0 1 1 0 1 0 0 1 1 0 0 1 1 0 1 0],"[0.308    0.258    0.192    0.183    0.175    0.458    0.342    0.125
 0.183    0.233    0.291    0.125    0.3      0.116    0.183    0.216
 0.125    0.183    0.141    0.292    0.15     0.088573]",0,sb_int-additive_comp-vsmean_gbatt-true_gbalt-false_lk-none_inh-free,0
6493,31,3,194,compromise,A,R,2,decoy,5360.0,0.75,0.65,0.82,5,15,2,1,0,2,False,True,False,[0 1 1 1 0 2 2 2 2 1 1 1 0 0 0 0 0 2 1 1],[1 0 1 1 0 0 0 1 1 1 0 0 0 0 1 0 1 1 0 1],"[0.125    0.233    0.308    0.108    0.3      0.25     0.342    0.175
 0.166    0.158    0.2      0.333    0.15     0.267    0.308    0.283
 0.141    0.3      0.233    0.163871]",0,sb_int-additive_comp-vsmean_gbatt-true_gbalt-false_lk-none_inh-free,0
6494,31,3,195,compromise,A,L,2,decoy,6550.0,0.78,0.68,0.85,4,15,2,1,2,0,True,False,False,[2 2 2 2 1 0 0 0 0 1 1 2 2 2 0 0 0 1 1 1 2 2],[1 0 0 1 0 0 1 0 0 0 0 0 0 1 1 0 0 1 0 1 1 0],"[0.091    0.141    0.233    0.458    0.375    0.325    0.15     0.275
 0.083    0.25     0.083    0.308    0.091    0.208    0.342    0.15
 0.225    0.208    0.483    0.233    0.216    0.145925]",2,sb_int-additive_comp-vsmean_gbatt-true_gbalt-false_lk-none_inh-free,0
6495,31,3,196,attraction,B,R,0,competitor,11530.0,0.75,0.62,0.6,4,15,14,2,1,0,True,False,False,"[1 2 2 2 2 2 1 0 2 1 0 1 1 2 2 2 2 0 0 2 2 1 1 1 1 1 0 1 2 2 2 1 2 1 0 0 1
 1 0]","[1 0 0 1 1 0 0 1 0 1 0 1 1 0 0 1 1 1 0 1 0 1 0 0 1 1 0 1 0 1 1 0 0 1 0 1 1
 0 1]","[0.183    0.1      0.408    0.217    0.15     0.55     0.208    0.191
 0.25     0.45     1.034    0.133    0.116    0.133    0.166    0.091
 0.183    0.216    0.425    0.325    0.208    0.4      0.167    0.141
 0.125    0.166    0.383    0.108    0.141    0.241    0.1      0.167
 0.191    0.217    0.266    0.266    0.267    0.175    0.066011]",0,sb_int-additive_comp-vsmean_gbatt-true_gbalt-false_lk-none_inh-free,0
6496,31,3,197,compromise,B,M,0,competitor,8900.0,0.72,0.62,0.55,5,14,35,1,0,2,True,False,False,[0 0 0 2 0 1 1 2 2 1 1 0 0 0 0 2 1 1 0 2 2 1 1 1 0],[0 0 1 0 0 0 1 1 0 0 1 0 1 1 0 1 0 0 1 1 0 0 0 1 0],"[0.158    0.091    0.35     0.158    0.467    0.375    0.183    0.35
 0.258    0.358    0.892    0.2      0.992    0.175    0.567    0.292
 0.141    0.15     0.225    0.317    0.275    0.233    0.1      0.275
 0.078219]",0,sb_int-additive_comp-vsmean_gbatt-true_gbalt-false_lk-none_inh-free,0
6497,31,3,198,attraction,B,R,0,competitor,12990.0,0.72,0.68,0.66,5,14,13,2,0,1,False,True,False,"[2 2 0 2 1 1 2 0 2 2 1 1 2 0 0 0 0 0 0 1 1 2 2 1 0 0 0 0 0 1 1 2 2 1 1 1 0
 0 0]","[1 0 0 0 0 1 0 0 1 1 0 0 1 0 0 1 1 1 0 1 1 0 0 0 0 0 0 0 1 0 1 0 1 0 0 1 0
 1 1]","[0.242    0.108    0.3      0.2      0.35     0.183    0.333    0.35
 0.133    0.208    0.241    0.141    0.383    0.166    0.458    0.191
 0.35     0.992    0.308    0.258    0.242    0.108    0.241    0.408
 0.367    0.325    0.15     0.851    0.308    0.191    0.35     0.283
 0.192    0.2      0.125    0.116    0.158    0.15     0.223447]",1,sb_int-additive_comp-vsmean_gbatt-true_gbalt-false_lk-none_inh-free,0
6498,31,3,199,attraction,B,L,0,competitor,12320.0,0.78,0.62,0.6,5,15,14,0,1,2,True,False,False,"[1 0 0 0 1 2 2 0 0 0 1 1 2 1 1 1 0 0 0 1 2 2 2 2 2 1 1 1 1 1 1 1 0 0 0 0 1
 0 1 1 0]","[1 0 1 1 0 0 1 1 1 0 1 1 1 1 0 0 0 1 1 1 0 0 1 0 0 0 0 0 0 1 1 1 1 1 0 0 1
 1 1 1 0]","[0.133    0.141    0.183    0.125    0.208    0.183    0.383    0.191
 0.425    0.1      0.166    0.208    0.492    0.2      0.091    0.166
 0.342    0.116    0.133    0.183    0.158    0.216    0.458    0.208
 0.116    0.266    0.208    0.325    0.575    0.35     0.1      0.926
 0.233    0.175    0.125    0.108    0.433    0.35     0.133    0.25
 0.407916]",0,sb_int-additive_comp-vsmean_gbatt-true_gbalt-false_lk-none_inh-free,0
6499,31,3,200,attraction,A,M,0,target,5800.0,0.78,0.62,0.76,5,14,4,1,2,0,False,False,False,[0 0 0 2 2 0 2 2 2 2 0 0 0 0 1 1 1 1 0 0 0 2],[1 0 0 0 1 1 1 0 0 1 1 0 0 1 1 0 0 1 1 0 0 0],"[0.15     0.1      0.2      0.258    0.442    0.358    0.383    0.125
 0.166    0.158    0.308    0.116    0.091    0.3      0.375    0.133
 0.25     0.091    0.4      0.216    0.108    0.082089]",1,sb_int-additive_comp-vsmean_gbatt-true_gbalt-false_lk-none_inh-free,0
6500,31,3,201,compromise,B,R,0,competitor,12540.0,0.75,0.68,0.55,4,14,34,2,1,0,True,True,False,"[1 1 2 1 0 0 0 1 1 0 0 0 1 1 0 0 0 0 0 0 2 2 2 1 1 1 1 0 1 0 0 1 1 1 1 0 0
 0]","[0 1 0 1 1 0 0 1 1 0 1 1 0 0 1 0 1 0 1 1 0 0 1 1 1 0 0 0 1 1 0 1 1 0 0 0 1
 0]","[0.2      0.175    0.317    0.267    0.192    0.217    0.183    0.1
 0.508    0.308    0.108    0.667    0.15     0.717    0.534    0.717
 0.392    0.726    0.267    0.133    0.108    0.158    0.258    0.258
 0.125    0.191    0.15     0.116    0.342    0.258    0.333    0.091
 0.283    0.183    0.183    0.2      0.183    0.286313]",0,sb_int-additive_comp-vsmean_gbatt-true_gbalt-false_lk-none_inh-free,0
6501,31,3,202,compromise,B,L,0,competitor,5000.0,0.75,0.65,0.55,5,14,34,0,2,1,False,False,False,[2 2 2 0 0 0 2 1 1 0 0 0 0 2 2 2 0],[0 0 0 0 1 1 1 1 0 0 1 0 1 1 0 0 1],"[0.108    0.2      0.191    0.267    0.216    0.217    0.275    0.542
 0.292    0.266    0.375    0.242    0.208    0.217    0.2      0.15
 0.101737]",0,sb_int-additive_comp-vsmean_gbatt-true_gbalt-false_lk-none_inh-free,0
6502,31,3,203,attraction,A,R,0,target,11510.0,0.72,0.65,0.7,5,15,4,2,0,1,False,True,True,"[2 1 2 0 0 0 1 1 2 2 2 2 2 0 1 1 1 1 1 1 2 2 0 0 0 2 2 0 0 0 2 2 2 2 2 2 0
 0 0 0 2 2 2 0]","[0 1 1 0 0 1 0 1 1 1 1 0 0 0 1 1 0 0 1 1 1 0 1 0 0 1 1 0 1 1 0 1 1 0 0 1 0
 1 0 0 0 0 1 1]","[0.166    0.367    0.083    0.225    0.175    0.358    0.275    0.208
 0.108    0.091    0.1      0.141    0.133    0.442    0.091    0.225
 0.183    0.258    0.233    0.15     0.158    0.291    0.433    0.091
 0.308    0.242    0.241    0.325    0.175    0.192    0.241    0.242
 0.367    0.1      0.166    0.175    0.183    0.392    0.083    0.317
 0.108    0.183    0.175    0.310703]",0,sb_int-additive_comp-vsmean_gbatt-true_gbalt-false_lk-none_inh-free,0
6503,31,3,204,compromise,B,L,0,competitor,17530.0,0.75,0.62,0.58,5,14,35,0,2,1,True,False,False,"[2 0 0 2 2 2 2 0 0 1 1 1 0 0 1 1 1 1 1 1 1 0 0 0 0 0 1 1 1 1 1 0 0 0 0 1 1
 1 1 1 1 1 2 2 2 2 1 1 1 1 0 0 0]","[1 0 1 0 0 0 1 0 1 0 1 1 1 0 1 1 0 0 0 0 1 0 1 1 1 0 1 1 0 0 1 0 1 1 0 1 0
 0 0 0 1 1 1 0 0 1 1 0 0 1 0 1 0]","[0.116    0.283    0.191    0.216    0.584    0.133    0.175    0.191
 0.35     0.175    0.191    0.225    0.4      0.325    0.116    0.225
 0.275    0.158    0.267    0.183    0.817    0.241    0.217    2.094
 0.267    0.233    0.141    0.642    0.175    0.258    0.116    0.325
 0.1      0.308    0.283    0.233    0.15     0.208    0.258    0.158
 0.275    0.283    0.417    0.175    0.208    0.175    0.25     0.158
 0.166    0.217    0.25     0.208    0.214453]",0,sb_int-additive_comp-vsmean_gbatt-true_gbalt-false_lk-none_inh-free,0
6504,31,3,205,compromise,B,L,0,competitor,6580.0,0.78,0.62,0.55,5,14,35,0,2,1,True,True,True,[2 0 0 0 0 0 1 2 0 1 1 1 1 1 0 0 2 2 1 0],[0 0 1 0 0 1 1 1 0 0 0 1 1 0 1 1 1 0 0 0],"[0.15  0.325 0.517 0.108 1.168 0.208 0.3   0.258 0.225 0.183 0.141 0.275
 0.116 0.141 0.175 0.116 0.283 0.191 0.183 0.141]",0,sb_int-additive_comp-vsmean_gbatt-true_gbalt-false_lk-none_inh-free,0
6505,31,3,206,attraction,A,M,0,target,8920.0,0.75,0.68,0.73,4,14,3,1,2,0,True,True,True,[2 2 2 0 1 1 0 0 2 0 0 2 2 0 0 1 1 1 1 0 2 2 0 0 0 2 1 1 1 1 1 0 0 0],[0 1 1 1 1 1 1 1 1 0 0 0 1 1 0 0 0 1 1 1 1 1 1 0 0 0 1 1 0 0 1 1 0 0],"[0.166   0.267   0.108   0.216   0.283   0.083   0.225   0.1     0.333
 0.217   0.325   0.183   0.266   0.158   0.125   0.15    0.25    0.166
 0.183   0.492   0.183   0.133   0.158   0.25    0.208   0.158   0.342
 0.467   0.266   0.1     0.342   0.308   0.083   0.11672]",1,sb_int-additive_comp-vsmean_gbatt-true_gbalt-false_lk-none_inh-free,0
6506,31,3,207,filler,,L,2,,6450.0,0.19,0.59,0.81,52,16,12,2,1,0,True,False,True,[2 2 1 2 2 2 2 1 0 0 0 1 1 2 2 2 2 1 1 1 1 1 1 2 2],[1 1 0 0 0 0 1 1 1 0 0 0 0 0 1 0 0 0 0 1 1 0 0 0 1],"[0.116    0.175    0.2      0.392    0.1      0.175    0.192    0.517
 0.333    0.175    0.1      0.216    0.233    0.258    0.275    0.225
 0.116    0.166    0.225    0.225    0.191    0.242    0.108    0.225
 0.207268]",2,sb_int-additive_comp-vsmean_gbatt-true_gbalt-false_lk-none_inh-free,0
6507,31,3,208,compromise,B,R,0,competitor,10170.0,0.72,0.65,0.55,4,15,35,2,1,0,True,False,False,[1 1 0 0 1 2 2 2 0 0 0 0 0 1 1 1 1 1 0 1 1 1 1 0 0 0 1 0 0 0],[1 0 1 0 1 0 1 1 0 0 0 1 1 1 0 0 0 1 0 1 1 0 0 1 0 0 1 1 0 0],"[0.208    0.367    0.408    0.35     0.225    0.35     0.183    0.225
 0.459    0.267    0.417    0.091    0.342    0.258    0.166    0.392
 0.191    1.101    0.267    0.091    0.191    0.158    0.141    0.166
 0.258    0.342    0.425    0.208    0.217    0.062473]",0,sb_int-additive_comp-vsmean_gbatt-true_gbalt-false_lk-none_inh-free,0
6508,31,3,209,attraction,A,R,0,target,5600.0,0.72,0.62,0.7,5,15,4,2,0,1,False,True,False,[2 1 1 1 1 2 0 2 2 1 1 0 0 2 2 0 2 0 0],[1 0 0 1 1 0 0 1 1 0 0 0 1 0 0 0 1 1 1],"[0.125    0.125    0.191    0.216    0.525    0.442    0.125    0.55
 0.125    0.116    0.1      0.242    0.317    0.116    0.35     0.433
 0.125    0.2      0.162651]",1,sb_int-additive_comp-vsmean_gbatt-true_gbalt-false_lk-none_inh-free,0
6509,31,3,210,compromise,A,R,2,decoy,7420.0,0.75,0.62,0.88,5,15,2,1,0,2,False,False,False,[1 0 2 1 1 1 1 1 0 0 0 0 2 2 2 0 0 0 0 0 2 2 2 1 2],[0 0 0 0 0 1 1 0 0 0 1 1 1 0 0 1 0 1 1 0 0 1 1 1 1],"[0.409    0.459    0.308    0.333    0.317    0.35     0.325    0.183
 0.191    0.158    0.191    0.15     0.417    0.125    0.191    0.267
 0.358    0.233    0.116    0.133    0.166    0.191    0.342    0.225
 0.061597]",2,sb_int-additive_comp-vsmean_gbatt-true_gbalt-false_lk-none_inh-free,0
6510,31,3,211,compromise,A,L,2,decoy,4420.0,0.72,0.65,0.82,5,15,2,1,2,0,True,True,True,[0 2 2 2 1 1 0 2 2 2 2 0 0 1 1 0 0 0 1 1 2],[0 0 1 1 1 1 1 0 0 1 1 1 1 1 1 1 0 0 0 1 0],"[0.175    0.108    0.158    0.1      0.1      0.158    0.1      0.1
 0.233    0.133    0.192    0.2      0.233    0.116    0.15     0.208
 0.15     0.191    0.266    0.183    0.091507]",2,sb_int-additive_comp-vsmean_gbatt-true_gbalt-false_lk-none_inh-free,0
6511,31,3,212,attraction,B,R,0,competitor,6870.0,0.78,0.62,0.6,4,15,14,2,1,0,True,True,True,[1 1 1 2 0 0 0 0 0 1 2 1 1 0 0 1 2 2 2 1 0 0 0 0 1 1 0],[0 1 1 1 1 0 0 1 1 1 1 1 0 0 0 0 0 1 1 1 1 0 0 1 1 0 0],"[0.158    0.116    0.258    0.217    0.308    0.191    0.141    0.091
 0.225    0.166    0.167    0.342    0.342    0.216    0.15     0.208
 0.233    0.091    0.166    0.258    0.216    0.208    0.183    0.2
 0.2      0.216    0.276693]",0,sb_int-additive_comp-vsmean_gbatt-true_gbalt-false_lk-none_inh-free,0
6512,31,3,213,attraction,A,M,0,target,8150.0,0.78,0.68,0.76,4,15,3,1,0,2,False,True,True,[0 0 1 1 2 0 2 0 0 2 1 1 1 0 2 2 2 0 0 2 0 0 0 1 1 1 1 1 0 0 0 0],[1 0 0 0 1 0 1 0 0 1 0 0 0 1 0 1 1 0 0 0 0 0 1 0 0 1 1 0 1 1 0 1],"[0.216    0.292    0.116    0.2      0.141    0.283    0.225    0.208
 0.492    0.258    0.233    0.175    0.166    0.275    0.233    0.208
 0.275    0.091    0.158    0.242    0.116    0.225    0.258    0.116
 0.3      0.241    0.15     0.1      0.225    0.083    0.35     0.056122]",2,sb_int-additive_comp-vsmean_gbatt-true_gbalt-false_lk-none_inh-free,0
6513,31,3,214,compromise,B,M,0,competitor,9700.0,0.72,0.65,0.52,5,15,34,1,2,0,False,True,True,[0 2 2 0 1 0 0 0 0 2 0 1 1 0 2 0 1 1 2 2 0 1 1 0 0 1 1 0 1 1 0],[0 1 0 1 0 0 1 1 1 0 1 1 1 0 1 0 0 0 1 1 0 0 1 0 0 0 0 1 1 1 0],"[0.166 0.25  0.1   0.141 0.383 0.325 0.392 0.208 0.25  0.375 0.2   0.225
 0.417 0.442 0.292 0.3   0.183 0.342 0.225 0.091 0.3   0.342 0.275 0.2
 0.325 0.175 0.283 0.342 0.158 0.091 0.175]",1,sb_int-additive_comp-vsmean_gbatt-true_gbalt-false_lk-none_inh-free,0
6514,31,3,215,filler,,R,2,,9980.0,0.32,0.6,0.78,31,16,12,0,1,2,True,True,True,[1 1 2 2 2 2 2 2 1 1 0 0 2 2 2 2 2 1 1 0 0 0 0 2 2 2 1 1 2 1 1 1 2 2],[0 1 1 0 0 0 0 1 1 1 1 0 0 0 0 1 1 1 1 1 0 1 1 0 0 0 0 1 1 0 0 1 1 0],"[0.158    0.25     0.617    0.2      0.116    0.717    0.158    0.141
 0.325    0.116    0.283    0.275    0.116    0.2      0.141    0.258
 0.208    0.083    0.484    0.141    0.183    0.175    0.091    0.175
 0.108    0.1      0.217    0.291    0.3      0.133    0.417    0.392
 0.292    0.305048]",2,sb_int-additive_comp-vsmean_gbatt-true_gbalt-false_lk-none_inh-free,0
6515,31,3,216,attraction,A,R,0,target,6210.0,0.75,0.65,0.73,5,15,4,2,0,1,False,True,False,[1 1 1 2 0 0 0 0 2 1 1 1 1 2 2 2 0 2 0 0 1 1 1 1 0 0],[0 1 1 0 0 0 1 1 1 0 0 1 1 0 1 1 1 0 0 1 0 0 1 1 0 1],"[0.116    0.291    0.175    0.225    0.183    0.317    0.291    0.25
 0.25     0.183    0.116    0.083    0.292    0.175    0.258    0.091
 0.241    0.383    0.175    0.116    0.191    0.133    0.2      0.116
 0.133    0.028733]",2,sb_int-additive_comp-vsmean_gbatt-true_gbalt-false_lk-none_inh-free,0
6516,31,3,217,attraction,B,L,0,competitor,9020.0,0.72,0.62,0.6,4,15,14,0,2,1,True,True,False,[2 2 0 1 1 0 2 2 0 0 2 1 1 1 2 0 1 1 2 2 2 2 2 0 0 0 0 0 0],[0 0 1 0 1 1 1 0 1 0 1 0 1 1 0 1 0 1 1 1 1 1 0 1 0 0 1 1 0],"[0.108    0.108    0.216    0.634    0.241    0.475    0.166    0.358
 0.083    0.333    0.116    0.492    0.208    0.15     0.275    0.609
 0.241    0.241    0.116    0.216    0.25     0.1      0.241    0.125
 0.125    0.267    0.192    0.116    0.334547]",0,sb_int-additive_comp-vsmean_gbatt-true_gbalt-false_lk-none_inh-free,0
6517,31,3,218,compromise,A,M,2,decoy,10590.0,0.78,0.68,0.88,5,15,2,0,2,1,True,False,False,"[0 0 0 1 1 1 1 1 1 2 0 0 0 0 0 1 1 1 1 2 2 2 0 0 0 2 2 2 2 2 2 2 0 1 0 0 2
 2]","[1 0 0 1 1 0 0 1 1 1 0 1 1 0 0 1 0 0 1 1 0 0 0 0 1 0 1 1 0 1 1 1 0 1 0 1 1
 1]","[0.617   0.133   0.225   0.083   0.133   0.383   0.1     0.208   0.367
 0.1     0.258   0.483   0.166   0.15    0.408   0.233   0.1     0.15
 0.367   0.283   0.233   0.191   0.083   0.25    0.2     0.183   0.175
 0.241   0.158   0.183   0.141   0.166   0.2     0.358   0.325   0.2
 0.15    0.43451]",2,sb_int-additive_comp-vsmean_gbatt-true_gbalt-false_lk-none_inh-free,0
6518,31,3,219,compromise,A,L,2,decoy,6410.0,0.72,0.68,0.82,5,15,2,1,2,0,False,True,True,[2 2 1 1 0 2 2 2 0 1 1 2 0 0 1 1 0 1 2 2],[1 1 1 1 1 0 1 1 0 0 0 1 0 0 0 0 1 1 1 0],"[0.142    0.15     0.183    0.308    0.2      1.168    0.133    0.25
 0.183    0.141    0.158    0.258    0.116    0.458    0.1      0.408
 0.325    0.233    0.133    0.142953]",0,sb_int-additive_comp-vsmean_gbatt-true_gbalt-false_lk-none_inh-free,0
6519,31,3,220,filler,,M,2,,8930.0,0.31,0.38,0.85,32,26,11,0,2,1,True,True,True,[2 0 0 2 1 2 2 2 2 2 1 1 1 0 0 0 1 1 1 1 1 1 0 0 0 2 1 1 2 2 2],[0 0 1 1 1 1 0 1 0 0 0 1 1 1 1 0 0 0 1 0 1 0 0 0 1 1 1 1 1 0 1],"[0.1      0.125    0.275    0.25     0.333    0.183    0.25     0.483
 0.091    0.083    0.267    0.091    0.208    0.166    0.242    0.25
 0.25     0.291    0.175    0.208    0.35     0.275    0.141    0.2
 0.467    0.383    0.158    0.1      0.292    0.392    0.158396]",2,sb_int-additive_comp-vsmean_gbatt-true_gbalt-false_lk-none_inh-free,0
6520,31,3,221,filler,,L,2,,6300.0,0.24,0.37,0.76,41,27,13,1,2,0,True,False,False,[0 2 2 0 1 2 2 2 2 2 0 2 1 0 0 0 1 1 1 2 2],[1 0 1 0 0 1 1 1 0 0 0 1 0 0 1 1 0 1 1 0 1],"[0.208    0.242    0.2      0.292    0.433    0.091    0.292    0.116
 0.166    0.141    0.2      0.208    0.492    0.408    0.191    0.175
 0.125    0.342    0.1      0.283    0.406073]",2,sb_int-additive_comp-vsmean_gbatt-true_gbalt-false_lk-none_inh-free,0
6521,31,3,222,compromise,A,L,2,decoy,6890.0,0.78,0.65,0.82,5,14,2,2,1,0,False,False,False,[1 2 1 0 0 2 2 2 0 2 2 0 0 0 2 2 1 1 1 1 1 1 1 2],[1 1 1 1 1 1 1 0 1 1 1 1 1 0 0 0 0 1 0 0 1 1 0 1],"[0.175    0.191    0.508    0.267    0.15     0.183    0.15     0.191
 0.617    0.108    0.383    0.141    0.15     0.333    0.083    0.116
 0.183    0.292    0.241    0.283    0.442    0.175    0.108    0.100515]",2,sb_int-additive_comp-vsmean_gbatt-true_gbalt-false_lk-none_inh-free,0
6522,31,3,223,attraction,A,M,0,target,5150.0,0.75,0.65,0.73,5,14,4,1,2,0,True,True,True,[0 0 1 2 2 0 0 1 0 2 0 0 0 1 1 0 2 2 0 0],[0 1 1 1 1 1 1 1 1 1 1 0 0 0 0 0 0 1 1 0],"[0.217   0.166   0.217   0.158   0.125   0.15    0.191   0.467   0.192
 0.35    0.116   0.258   0.158   0.083   0.158   0.116   0.4     0.258
 0.175   0.24968]",0,sb_int-additive_comp-vsmean_gbatt-true_gbalt-false_lk-none_inh-free,0
6523,31,3,224,compromise,A,L,2,decoy,9840.0,0.78,0.68,0.82,5,15,3,1,2,0,True,False,False,[0 0 0 0 1 1 2 2 2 2 2 2 1 0 0 0 0 0 0 2 0 0 0 2 2 1 1 2 2],[0 1 1 0 0 0 1 1 0 0 1 1 0 0 0 1 1 0 0 1 0 0 1 0 1 1 1 1 1],"[0.158    0.275    0.25     0.342    0.558    0.509    0.133    0.45
 0.166    0.225    0.158    0.166    0.3      0.175    0.308    0.15
 0.125    0.141    0.175    0.225    0.1      0.659    0.233    0.208
 0.325    0.183    0.15     0.216    1.303633]",0,sb_int-additive_comp-vsmean_gbatt-true_gbalt-false_lk-none_inh-free,0
6524,31,3,225,filler,,M,2,,7310.0,0.27,0.61,0.89,37,16,11,0,2,1,False,True,True,[2 0 0 0 0 2 2 2 2 2 1 1 1 2 0 0 0 1 1 1 0 0 0 1 1 2 1 1 2],[0 1 1 0 0 1 1 0 0 1 1 1 0 0 1 0 0 0 0 1 1 1 1 1 1 1 0 0 0],"[0.141   0.083   0.183   0.15    0.292   0.216   0.125   0.141   0.158
 0.316   0.183   0.166   0.233   0.091   0.2     0.292   0.233   0.166
 0.083   0.292   0.116   0.308   0.2     0.125   0.425   0.125   0.108
 0.208   0.25983]",2,sb_int-additive_comp-vsmean_gbatt-true_gbalt-false_lk-none_inh-free,0
