,subject,block,trial,effect,target,key,choice,choice_tcd,rt,pA,pB,pC,mA,mB,mC,pos_A,pos_B,pos_C,pA_top,pB_top,pC_top,fixated_alternatives,fixated_attributes,fixation_durations,predicted_choice,model,rep
2025,9,1,1,attraction,B,L,1,target,6010.0,0.78,0.62,0.6,8,15,14,1,0,2,True,True,True,[0 1 1 0 0 0 2 2 0 0 0 1 1 2 1 1 2 2],[0 0 1 1 0 0 1 0 0 1 0 0 1 1 0 0 0 0],"[0.141    0.258    0.484    0.308    0.158    0.342    0.233    0.375
 0.25     0.375    0.342    0.358    0.358    0.425    0.116    0.417
 0.216    0.136947]",0,sb_int-additive_comp-vsmean_gbatt-false_gbalt-true_lk-free_inh-gaze-dependent,0
2026,9,1,2,compromise,A,R,1,competitor,6370.0,0.78,0.65,0.82,8,14,5,0,2,1,True,False,True,[2 2 2 0 0 0 0 0 2 2 2 2 1 1 0 0 1 1 1 1],[0 1 1 1 1 0 0 1 1 0 0 1 0 1 0 1 0 1 0 1],"[0.45     0.091    0.216    0.108    0.317    0.275    0.467    0.258
 0.216    0.175    0.15     0.35     0.258    0.367    0.3      0.258
 0.358    0.508    0.208    0.379579]",1,sb_int-additive_comp-vsmean_gbatt-false_gbalt-true_lk-free_inh-gaze-dependent,0
2027,9,1,3,attraction,A,R,1,competitor,6290.0,0.78,0.68,0.76,8,15,7,0,2,1,True,True,True,[2 0 0 0 0 0 2 2 1 2 2 0 2 2 0 0 2 2 1 1 1 1 1],[0 0 1 1 0 0 1 1 1 1 0 0 0 1 1 1 1 0 0 1 1 0 0],"[0.141    0.292    0.266    0.408    0.191    0.108    0.091    0.216
 0.358    0.2      0.267    0.216    0.325    0.2      0.083    0.2
 0.183    0.25     0.383    0.216    0.367    0.333    0.118324]",1,sb_int-additive_comp-vsmean_gbatt-false_gbalt-true_lk-free_inh-gaze-dependent,0
2028,9,1,4,compromise,B,M,1,target,4500.0,0.72,0.65,0.58,7,15,34,2,1,0,True,True,True,[1 2 2 1 1 1 0 0 1 1 1 1 1 0 0 0 1],[0 0 1 1 0 0 1 0 0 1 1 0 0 0 1 1 1],"[0.133    0.217    0.292    0.375    0.183    0.133    0.383    0.267
 0.408    0.208    0.108    0.116    0.225    0.317    0.133    0.083
 0.295034]",1,sb_int-additive_comp-vsmean_gbatt-false_gbalt-true_lk-free_inh-gaze-dependent,0
2029,9,1,5,attraction,B,R,1,target,5060.0,0.78,0.65,0.63,8,15,14,0,2,1,True,True,False,[2 2 0 0 0 1 1 1 1 1 1 2 2 2 2 2 1 1 1 1 2],[1 0 1 0 0 1 1 1 0 0 1 0 1 1 0 1 0 1 0 0 1],"[0.342    0.317    0.183    0.333    0.133    0.125    0.225    0.166
 0.1      0.283    0.225    0.108    0.216    0.091    0.216    0.2
 0.183    0.325    0.108    0.408    0.045407]",1,sb_int-additive_comp-vsmean_gbatt-false_gbalt-true_lk-free_inh-gaze-dependent,0
2030,9,1,6,attraction,B,L,0,competitor,6020.0,0.78,0.62,0.6,7,15,14,0,1,2,True,False,True,[1 0 0 0 0 0 1 1 1 1 2 2 2 1 1 1 1 0 0 0],[1 0 0 1 1 0 1 1 0 0 1 0 0 1 0 0 0 1 0 0],"[0.116    0.191    0.892    0.3      0.083    0.308    0.358    0.642
 0.225    0.208    0.333    0.091    0.1      0.133    0.208    0.2
 0.158    0.233    0.241    0.305148]",0,sb_int-additive_comp-vsmean_gbatt-false_gbalt-true_lk-free_inh-gaze-dependent,0
2031,9,1,7,attraction,B,M,1,target,5830.0,0.72,0.62,0.6,7,15,14,2,1,0,True,False,False,[1 1 1 2 2 2 1 2 2 1 1 1 1 0 0 0 0 0 1 1 1 1],[1 0 0 0 1 1 1 1 0 0 1 1 0 0 0 1 1 0 1 0 0 1],"[0.4      0.225    0.15     0.175    0.241    0.191    0.358    0.375
 0.25     0.225    0.125    0.25     0.275    0.166    0.208    0.258
 0.333    0.083    0.208    0.183    0.125    0.251508]",1,sb_int-additive_comp-vsmean_gbatt-false_gbalt-true_lk-free_inh-gaze-dependent,0
2032,9,1,8,compromise,A,R,1,competitor,6110.0,0.78,0.68,0.85,7,15,5,0,2,1,True,False,False,[2 0 0 0 0 0 2 2 2 1 1 1 0 0 1 2 2 2 1 1 1 1],[1 0 1 1 0 0 1 0 0 1 0 0 1 0 1 1 0 0 1 1 0 1],"[0.15     0.467    0.275    0.308    0.183    0.083    0.358    0.241
 0.25     0.392    0.208    0.125    0.392    0.4      0.166    0.191
 0.158    0.141    0.1      0.3      0.25     0.053885]",1,sb_int-additive_comp-vsmean_gbatt-false_gbalt-true_lk-free_inh-gaze-dependent,0
2033,9,1,9,filler,,L,2,,7430.0,0.31,0.38,0.85,32,26,11,1,2,0,False,True,True,[0 2 2 2 2 2 2 2 2 0 0 1 1 1 1 1 1 1 0 0 0 0 2 2 2],[1 0 1 1 1 0 0 0 0 1 1 0 0 0 1 1 0 0 1 1 0 0 1 0 0],"[0.141    0.275    0.108    0.2      0.125    0.191    0.442    0.433
 0.383    0.208    0.208    0.634    0.108    0.725    0.216    0.508
 0.183    0.133    0.175    0.258    0.225    0.125    0.308    0.191
 0.054768]",2,sb_int-additive_comp-vsmean_gbatt-false_gbalt-true_lk-free_inh-gaze-dependent,0
2034,9,1,10,compromise,B,M,1,target,3200.0,0.75,0.68,0.55,7,14,34,2,1,0,True,True,True,[1 2 2 1 1 0 0 1 1 1 1],[0 0 1 1 1 1 0 0 1 1 0],"[0.15     0.342    0.283    0.175    0.125    0.483    0.317    0.317
 0.175    0.191    0.214848]",1,sb_int-additive_comp-vsmean_gbatt-false_gbalt-true_lk-free_inh-gaze-dependent,0
2035,9,1,11,compromise,B,L,0,competitor,5920.0,0.72,0.62,0.58,7,14,35,0,2,1,True,True,False,[0 0 0 0 2 1 1 1 2 0 0 0 2 2 1 1 1 1 0 0],[0 0 1 0 0 1 0 0 1 0 1 1 1 0 1 0 1 1 0 0],"[0.141    0.141    1.318    0.233    0.283    0.2      0.208    0.242
 0.116    0.216    0.1      0.108    0.216    0.367    0.158    0.233
 0.233    0.1      0.125    0.299595]",0,sb_int-additive_comp-vsmean_gbatt-false_gbalt-true_lk-free_inh-gaze-dependent,0
2036,9,1,12,compromise,B,L,1,target,2860.0,0.72,0.68,0.55,7,14,35,2,0,1,False,False,False,[2 1 1 1 1 1 0 0 0 0 1 1 1],[1 1 0 0 1 1 1 1 0 0 0 1 1],"[0.166    0.267    0.191    0.241    0.141    0.141    0.208    0.108
 0.091    0.25     0.217    0.1      0.254778]",1,sb_int-additive_comp-vsmean_gbatt-false_gbalt-true_lk-free_inh-gaze-dependent,0
2037,9,1,13,filler,,M,2,,2760.0,0.32,0.48,0.85,31,20,11,2,0,1,False,False,False,[2 1 1 2 2 0 2 2 2 2 2],[1 1 0 0 1 1 1 0 0 1 1],"[0.133    0.225    0.208    0.133    0.2      0.358    0.208    0.083
 0.308    0.233    0.285355]",2,sb_int-additive_comp-vsmean_gbatt-false_gbalt-true_lk-free_inh-gaze-dependent,0
2038,9,1,14,attraction,B,L,1,target,4140.0,0.75,0.65,0.63,7,14,13,2,0,1,True,True,True,[2 1 1 1 2 0 0 0 1 1 1 2 1 2 1],[0 0 1 1 1 1 0 0 0 1 1 1 0 0 0],"[0.175   0.342   0.116   0.266   0.275   0.367   0.242   0.091   0.317
 0.208   0.083   0.258   0.108   0.191   0.55932]",1,sb_int-additive_comp-vsmean_gbatt-false_gbalt-true_lk-free_inh-gaze-dependent,0
2039,9,1,15,attraction,B,M,2,decoy,3940.0,0.75,0.68,0.66,7,14,13,2,0,1,False,False,True,[2 1 2 0 0 0 2 2 2 2 2 2],[0 1 0 1 0 0 1 0 0 1 1 0],"[0.292    0.408    0.525    0.358    0.116    0.292    0.433    0.233
 0.25     0.166    0.15     0.409657]",2,sb_int-additive_comp-vsmean_gbatt-false_gbalt-true_lk-free_inh-gaze-dependent,0
2040,9,1,16,attraction,A,R,0,target,4050.0,0.78,0.62,0.76,7,15,6,2,1,0,False,True,True,[2 2 1 1 0 0 0 2 2 2 1 0 0 1 1 0 0 0],[0 0 1 1 0 0 1 0 1 1 1 1 1 0 1 0 1 1],"[0.183    0.25     0.091    0.191    0.225    0.108    0.317    0.15
 0.166    0.275    0.091    0.2      0.166    0.183    0.283    0.191
 0.225    0.178121]",0,sb_int-additive_comp-vsmean_gbatt-false_gbalt-true_lk-free_inh-gaze-dependent,0
2041,9,1,17,compromise,A,M,0,target,3430.0,0.75,0.65,0.85,8,15,6,1,0,2,False,False,False,[0 2 2 2 0 0 0 1 1 1 0 0 0],[1 1 0 0 0 1 1 1 0 0 0 1 1],"[0.492   0.442   0.083   0.208   0.317   0.108   0.1     0.308   0.15
 0.267   0.208   0.091   0.23445]",0,sb_int-additive_comp-vsmean_gbatt-false_gbalt-true_lk-free_inh-gaze-dependent,0
2042,9,1,18,compromise,A,L,1,competitor,5410.0,0.72,0.68,0.82,8,15,5,1,0,2,True,False,True,[0 0 0 0 1 2 1 1 2 2 2 0 0 0 1 1 1 1 1 1 1],[0 1 1 0 1 0 0 0 1 0 0 0 1 1 1 1 1 0 1 1 0],"[0.417   0.25    0.183   0.166   0.325   0.217   0.242   0.116   0.342
 0.275   0.125   0.166   0.216   0.141   0.175   0.25    0.133   0.241
 0.158   0.55    0.08457]",1,sb_int-additive_comp-vsmean_gbatt-false_gbalt-true_lk-free_inh-gaze-dependent,0
2043,9,1,19,attraction,B,L,1,target,5610.0,0.72,0.65,0.63,8,14,13,1,0,2,False,True,True,[0 0 0 0 1 1 1 1 2 2 2 2 0 0 0 0 1 1 1 2 2 2 1 1 1 1],[1 1 0 0 0 0 1 1 1 0 0 0 0 0 1 1 1 1 0 1 1 0 0 1 1 0],"[0.216    0.133    0.116    0.2      0.166    0.225    0.158    0.166
 0.325    0.108    0.225    0.283    0.15     0.141    0.325    0.208
 0.175    0.158    0.35     0.125    0.183    0.191    0.158    0.2
 0.108    0.042792]",1,sb_int-additive_comp-vsmean_gbatt-false_gbalt-true_lk-free_inh-gaze-dependent,0
2044,9,1,20,compromise,B,L,1,target,3080.0,0.72,0.68,0.52,8,15,35,1,0,2,False,False,True,[0 0 0 1 1 2 2 2 2 1 1],[1 0 0 0 1 0 0 1 1 1 1],"[0.267    0.25     0.1      0.258    0.45     0.158    0.275    0.15
 0.392    0.133    0.051235]",1,sb_int-additive_comp-vsmean_gbatt-false_gbalt-true_lk-free_inh-gaze-dependent,0
2045,9,1,21,compromise,A,M,0,target,4930.0,0.75,0.62,0.88,8,15,5,1,2,0,True,True,False,[0 0 0 2 2 2 2 2 2 2 0 0 0 1 1 1 1 1 0],[0 1 1 0 0 1 1 0 1 1 0 1 1 1 0 0 1 1 0],"[0.475    0.191    0.141    0.083    0.325    0.091    0.442    0.166
 0.125    0.216    0.358    0.141    0.133    0.258    0.133    0.475
 0.258    0.091    0.167212]",1,sb_int-additive_comp-vsmean_gbatt-false_gbalt-true_lk-free_inh-gaze-dependent,0
2046,9,1,22,attraction,A,M,1,competitor,6320.0,0.72,0.65,0.7,8,15,7,0,1,2,True,False,False,[1 0 1 1 1 1 2 2 2 2 2 2 1 1 0 0 0 0 1],[1 1 1 1 0 0 0 1 0 0 1 0 0 1 0 1 0 0 1],"[1.051    0.417    0.141    0.083    0.25     0.141    0.241    0.358
 0.225    0.15     0.458    0.275    0.383    0.25     0.241    0.342
 0.1      0.258    0.301474]",0,sb_int-additive_comp-vsmean_gbatt-false_gbalt-true_lk-free_inh-gaze-dependent,0
2047,9,1,23,compromise,B,R,1,target,5970.0,0.72,0.65,0.52,8,15,34,0,2,1,False,True,True,[2 2 2 2 2 2 2 2 2 0 0 1 1 1 1 0 0 0 1 1 1 1 1 1 1],[0 0 0 0 1 0 0 1 1 0 1 1 1 0 0 0 0 1 0 0 1 1 0 0 1],"[0.166    0.225    0.133    0.166    0.175    0.575    0.233    0.158
 0.308    0.191    0.367    0.191    0.166    0.191    0.191    0.242
 0.108    0.216    0.233    0.167    0.2      0.125    0.108    0.342
 0.154097]",1,sb_int-additive_comp-vsmean_gbatt-false_gbalt-true_lk-free_inh-gaze-dependent,0
2048,9,1,24,compromise,B,L,0,competitor,6370.0,0.75,0.62,0.58,8,14,35,0,1,2,True,False,True,[1 0 0 0 0 0 0 0 0 1 1 1 1 1 2 2 0 0 0],[1 0 0 0 0 1 1 0 1 0 1 0 0 1 0 1 0 1 1],"[0.25     0.233    0.684    0.6      0.283    0.158    0.3      0.191
 0.166    0.275    0.4      0.166    0.208    0.15     0.325    0.3
 0.258    0.175    0.223224]",0,sb_int-additive_comp-vsmean_gbatt-false_gbalt-true_lk-free_inh-gaze-dependent,0
2049,9,1,25,compromise,B,M,1,target,6150.0,0.75,0.65,0.55,8,14,34,0,1,2,True,True,True,[1 0 0 0 1 1 1 1 2 2 2 2 1 1 1 1],[0 0 1 0 1 1 0 0 0 0 0 1 1 0 0 1],"[0.216   0.392   0.292   0.308   0.742   0.2     0.083   0.575   0.233
 0.375   0.45    0.317   0.467   0.208   0.325   0.32254]",1,sb_int-additive_comp-vsmean_gbatt-false_gbalt-true_lk-free_inh-gaze-dependent,0
2050,9,1,26,compromise,A,M,0,target,3480.0,0.75,0.65,0.82,8,15,5,1,0,2,False,True,True,[0 1 1 1 1 0 0 0 2 2 2 2 0 0],[1 0 0 1 1 0 1 1 0 1 0 0 1 1],"[0.233    0.208    0.091    0.308    0.15     0.408    0.216    0.133
 0.2      0.375    0.225    0.166    0.175    0.146802]",0,sb_int-additive_comp-vsmean_gbatt-false_gbalt-true_lk-free_inh-gaze-dependent,0
2051,9,1,27,attraction,B,M,0,competitor,5240.0,0.78,0.62,0.6,7,14,13,1,2,0,False,False,True,[2 2 2 2 0 0 0 1 1 0 2 2 2 2 0 0 1 1 1 0],[0 0 1 1 0 1 1 1 0 0 1 0 1 1 0 1 0 0 1 1],"[0.25    0.083   0.2     0.183   0.308   0.158   0.216   0.283   0.383
 0.333   0.183   0.317   0.216   0.225   0.233   0.158   0.191   0.133
 0.258   0.12066]",0,sb_int-additive_comp-vsmean_gbatt-false_gbalt-true_lk-free_inh-gaze-dependent,0
2052,9,1,28,attraction,A,L,1,competitor,3520.0,0.72,0.65,0.7,7,14,6,1,0,2,False,False,False,[0 0 1 1 1 1 1 2 2 2 2 1 1],[1 0 0 1 1 0 0 0 0 1 0 1 1],"[0.317    0.308    0.125    0.25     0.083    0.25     0.083    0.266
 0.1      0.433    0.425    0.158    0.233615]",1,sb_int-additive_comp-vsmean_gbatt-false_gbalt-true_lk-free_inh-gaze-dependent,0
2053,9,1,29,compromise,A,M,0,target,7960.0,0.72,0.68,0.82,8,15,5,1,2,0,True,False,True,[0 2 2 2 0 1 1 1 1 1 1 1 0 1 0 0 1 0 0 2 2 2 2 0 0 0 0 0],[0 0 1 1 1 0 1 1 0 1 1 1 0 0 1 0 1 0 1 1 0 1 1 1 0 0 1 0],"[0.191 0.392 0.208 0.133 0.283 0.3   0.25  0.233 0.442 0.15  0.158 0.15
 0.375 0.5   0.283 0.116 0.175 0.216 0.333 0.225 0.45  0.192 0.2   0.208
 0.208 0.233 0.392 0.083]",0,sb_int-additive_comp-vsmean_gbatt-false_gbalt-true_lk-free_inh-gaze-dependent,0
2054,9,1,30,compromise,A,M,1,competitor,6240.0,0.75,0.68,0.88,7,15,6,0,1,2,False,True,False,[1 1 1 1 0 0 0 2 2 2 2 2 1 1 1 1 0 1 1 0 0 0 1],[0 0 0 1 0 1 1 1 1 0 0 1 0 1 1 1 0 0 0 1 0 1 0],"[0.158    0.767    0.325    0.492    0.242    0.25     0.158    0.15
 0.283    0.242    0.333    0.191    0.216    0.083    0.091    0.183
 0.2      0.116    0.208    0.292    0.4      0.208    0.087762]",1,sb_int-additive_comp-vsmean_gbatt-false_gbalt-true_lk-free_inh-gaze-dependent,0
2055,9,1,31,attraction,B,L,0,competitor,3840.0,0.72,0.62,0.6,8,15,14,0,2,1,True,False,False,[2 2 1 1 1 2 2 1 0 0 0 0 0],[1 1 1 1 0 0 1 1 0 1 0 0 1],"[0.534    0.15     0.133    0.233    0.35     0.275    0.216    0.141
 0.266    0.325    0.108    0.467    0.180215]",0,sb_int-additive_comp-vsmean_gbatt-false_gbalt-true_lk-free_inh-gaze-dependent,0
2056,9,1,32,attraction,A,L,1,competitor,5910.0,0.75,0.68,0.73,7,14,6,2,0,1,False,True,True,[2 2 1 1 1 1 1 1 1 1 2 2 0 0 0 0 1 1 1],[0 0 0 0 0 0 1 1 0 0 1 0 1 0 1 1 0 0 1],"[0.183    0.141    0.851    0.358    0.692    0.225    0.133    0.517
 0.166    0.283    0.242    0.3      0.15     0.283    0.233    0.091
 0.183    0.175    0.263204]",1,sb_int-additive_comp-vsmean_gbatt-false_gbalt-true_lk-free_inh-gaze-dependent,0
2057,9,1,33,attraction,A,M,0,target,6550.0,0.75,0.65,0.73,8,14,7,1,2,0,False,False,False,[2 2 2 2 0 0 1 1 0 0 0 0 2 2 0 0 0 1 1 1 1 0],[1 0 0 1 1 0 1 1 1 0 0 0 0 1 1 0 0 0 0 1 1 1],"[0.325 0.208 0.275 0.233 0.592 0.358 0.141 1.176 0.191 0.091 0.133 0.216
 0.233 0.283 0.333 0.166 0.15  0.25  0.141 0.108 0.2   0.091]",0,sb_int-additive_comp-vsmean_gbatt-false_gbalt-true_lk-free_inh-gaze-dependent,0
2058,9,1,34,attraction,B,M,0,competitor,6240.0,0.78,0.65,0.63,8,15,14,1,0,2,True,True,True,[0 0 1 1 0 1 1 0 0 0 2 2 2 2 2 0 0 0 0 1 0 0],[0 0 0 0 0 0 1 1 0 0 0 0 0 0 1 1 1 0 0 0 1 0],"[0.166 0.133 0.325 0.083 0.183 0.175 0.492 0.375 0.2   0.2   0.242 0.208
 0.175 0.283 0.475 0.166 0.266 0.15  0.617 0.35  0.216 0.216]",0,sb_int-additive_comp-vsmean_gbatt-false_gbalt-true_lk-free_inh-gaze-dependent,0
2059,9,1,35,filler,,R,2,,3520.0,0.19,0.59,0.81,52,16,12,0,1,2,True,False,False,[1 0 0 0 1 1 2 2 2 1 1 1 2],[1 0 0 1 0 0 1 0 0 1 1 0 1],"[0.166    0.133    0.158    0.325    0.216    0.283    0.458    0.2
 0.125    0.175    0.258    0.191    0.290537]",2,sb_int-additive_comp-vsmean_gbatt-false_gbalt-true_lk-free_inh-gaze-dependent,0
2060,9,1,36,compromise,A,M,1,competitor,3400.0,0.78,0.68,0.88,7,15,6,0,1,2,True,True,False,[1 0 0 0 1 1 2 2 2 2 1 1 1 1],[0 0 1 0 0 0 1 0 0 0 1 0 0 1],"[0.091    0.241    0.4      0.15     0.175    0.191    0.283    0.15
 0.191    0.083    0.333    0.166    0.233    0.251836]",1,sb_int-additive_comp-vsmean_gbatt-false_gbalt-true_lk-free_inh-gaze-dependent,0
2061,9,1,37,filler,,R,2,,2600.0,0.28,0.67,0.78,35,14,12,0,1,2,False,True,True,[1 0 0 0 1 2 2 1 1 2 2],[0 1 1 0 1 1 0 0 0 0 1],"[0.15     0.241    0.15     0.108    0.417    0.25     0.275    0.091
 0.1      0.216    0.174049]",2,sb_int-additive_comp-vsmean_gbatt-false_gbalt-true_lk-free_inh-gaze-dependent,0
2062,9,1,38,compromise,A,L,1,competitor,4740.0,0.78,0.65,0.82,8,14,6,2,0,1,False,True,True,[1 1 1 2 2 2 2 0 0 0 0 0 0 1 1 1 1],[0 1 1 0 0 1 1 1 1 0 0 0 1 0 1 0 0],"[0.333    0.108    0.25     0.233    0.141    0.175    0.158    0.25
 0.183    0.15     0.083    0.225    0.392    0.283    0.392    0.3
 0.300708]",1,sb_int-additive_comp-vsmean_gbatt-false_gbalt-true_lk-free_inh-gaze-dependent,0
2063,9,1,39,attraction,B,M,0,competitor,3980.0,0.72,0.62,0.6,8,15,14,1,0,2,True,True,False,[1 1 1 1 0 0 0 2 2 2 2 1 1 0 0],[0 0 0 1 1 0 0 1 0 0 1 0 0 0 1],"[0.116    0.317    0.116    0.333    0.25     0.241    0.108    0.275
 0.35     0.083    0.266    0.125    0.392    0.308    0.207832]",0,sb_int-additive_comp-vsmean_gbatt-false_gbalt-true_lk-free_inh-gaze-dependent,0
2064,9,1,40,compromise,A,M,2,decoy,5880.0,0.75,0.62,0.88,7,15,6,0,2,1,False,True,False,[2 0 0 0 0 0 0 2 2 2 0 0 0 2 1 1 2 1 1 1 1 2 2],[1 1 0 0 1 0 0 0 1 1 1 1 0 0 0 0 1 1 1 0 0 1 1],"[0.191    0.25     0.208    0.091    0.567    0.217    0.133    0.433
 0.166    0.241    0.2      0.141    0.325    0.2      0.158    0.166
 0.283    0.175    0.15     0.108    0.241    0.35     0.219069]",2,sb_int-additive_comp-vsmean_gbatt-false_gbalt-true_lk-free_inh-gaze-dependent,0
2065,9,1,41,attraction,A,M,1,competitor,5900.0,0.75,0.65,0.73,7,15,6,0,1,2,True,True,False,[1 1 0 0 0 1 1 1 1 0 0 1 2 2 2 2 2 1 0 0 1],[0 0 0 1 1 1 0 1 1 1 0 0 1 0 0 1 1 1 1 0 0],"[0.225    0.2      0.375    0.208    0.1      0.3      0.659    0.1
 0.275    0.216    0.2      0.191    0.3      0.317    0.2      0.2
 0.233    0.266    0.216    0.158    0.158677]",1,sb_int-additive_comp-vsmean_gbatt-false_gbalt-true_lk-free_inh-gaze-dependent,0
2066,9,1,42,attraction,A,R,0,target,5970.0,0.75,0.65,0.73,8,15,7,2,0,1,False,False,True,[2 2 1 1 1 2 2 2 2 2 0 0 0 2 1 1 1 1 0 1 0],[0 0 1 1 1 0 0 0 1 1 1 1 0 1 1 1 0 0 1 1 1],"[0.15     0.158    0.166    0.459    0.25     0.442    0.725    0.091
 0.133    0.191    0.091    0.308    0.342    0.233    0.141    0.317
 0.216    0.166    0.116    0.417    0.296686]",1,sb_int-additive_comp-vsmean_gbatt-false_gbalt-true_lk-free_inh-gaze-dependent,0
2067,9,1,43,compromise,A,M,1,competitor,5650.0,0.78,0.68,0.82,8,15,6,2,1,0,True,False,False,[1 2 2 2 1 1 1 1 0 0 0 0 0 0 1 1 1 1 1 1 1 1],[1 1 0 1 1 0 0 1 0 0 1 1 0 0 1 0 0 1 1 0 0 1],"[0.15     0.35     0.342    0.367    0.467    0.083    0.308    0.125
 0.342    0.133    0.166    0.158    0.108    0.15     0.25     0.158
 0.233    0.308    0.225    0.083    0.275    0.179803]",1,sb_int-additive_comp-vsmean_gbatt-false_gbalt-true_lk-free_inh-gaze-dependent,0
2068,9,1,44,filler,,R,2,,3330.0,0.24,0.37,0.76,41,27,13,1,0,2,True,False,False,[1 1 1 1 1 1 0 0 0 2 2 2 2],[1 1 1 1 0 0 1 1 0 1 0 0 1],"[0.166    0.392    0.15     0.208    0.258    0.158    0.175    0.125
 0.308    0.417    0.141    0.166    0.159497]",2,sb_int-additive_comp-vsmean_gbatt-false_gbalt-true_lk-free_inh-gaze-dependent,0
2069,9,1,45,compromise,B,R,1,target,5790.0,0.72,0.65,0.55,7,15,35,1,2,0,True,True,False,[0 0 1 1 1 1 1 1 0 0 0 0 2 2 0 1 0 0 1 1 1 1 1],[0 1 0 0 0 1 1 0 0 0 1 0 1 0 0 1 1 1 0 0 1 0 0],"[0.475    0.141    0.133    0.216    0.141    0.175    0.191    0.392
 0.158    0.275    0.208    0.183    0.125    0.317    0.283    0.133
 0.208    0.317    0.116    0.175    0.342    0.266    0.074115]",1,sb_int-additive_comp-vsmean_gbatt-false_gbalt-true_lk-free_inh-gaze-dependent,0
2070,9,1,46,filler,,R,2,,3570.0,0.16,0.46,0.87,62,21,11,0,1,2,False,True,False,[0 0 0 0 0 0 1 1 2 2 2 2 0 0 0 2],[1 1 1 0 0 1 1 1 0 1 0 0 1 1 0 1],"[0.083    0.183    0.15     0.166    0.292    0.191    0.141    0.216
 0.141    0.425    0.25     0.116    0.125    0.258    0.15     0.053442]",2,sb_int-additive_comp-vsmean_gbatt-false_gbalt-true_lk-free_inh-gaze-dependent,0
2071,9,1,47,compromise,B,L,0,competitor,3470.0,0.72,0.62,0.55,8,14,35,0,1,2,False,True,True,[1 0 2 2 2 1 1 1 0 0 0 0],[0 1 0 0 1 0 1 1 0 1 0 1],"[0.2      0.191    0.183    0.308    0.3      0.133    0.091    0.191
 0.308    0.333    0.333    0.300018]",0,sb_int-additive_comp-vsmean_gbatt-false_gbalt-true_lk-free_inh-gaze-dependent,0
2072,9,1,48,compromise,B,R,0,competitor,4410.0,0.78,0.62,0.55,8,14,35,2,1,0,False,False,False,[1 0 0 0 0 1 2 2 2 0 1 1 0 0 1],[1 0 1 1 0 0 1 0 0 1 1 1 0 0 0],"[0.742    0.175    0.25     0.141    0.342    0.175    0.316    0.083
 0.166    0.325    0.091    0.183    0.225    0.208    0.053002]",0,sb_int-additive_comp-vsmean_gbatt-false_gbalt-true_lk-free_inh-gaze-dependent,0
2073,9,1,49,attraction,B,M,0,competitor,5680.0,0.75,0.62,0.6,7,15,14,1,0,2,False,False,True,[0 0 0 1 1 2 2 0 0 2 2 2 1 1 1 1 1 0 0 1 1 0 0 0 0],[1 1 1 1 1 0 1 1 0 0 1 1 1 1 0 0 0 0 1 1 1 1 1 0 1],"[0.133    0.175    0.15     0.141    0.25     0.233    0.233    0.158
 0.25     0.358    0.083    0.308    0.175    0.183    0.141    0.292
 0.1      0.183    0.141    0.233    0.25     0.241    0.166    0.225
 0.024487]",0,sb_int-additive_comp-vsmean_gbatt-false_gbalt-true_lk-free_inh-gaze-dependent,0
2074,9,1,50,attraction,A,M,0,target,5540.0,0.75,0.65,0.73,8,15,7,1,0,2,True,False,False,[0 2 0 0 0 0 2 2 2 0 0 1 1 1 1 0 1 1 1 1 0 0],[0 1 0 1 1 0 1 1 0 1 0 1 1 0 0 1 0 1 1 0 0 0],"[0.317    0.166    0.175    0.208    0.225    0.1      0.116    0.291
 0.283    0.25     0.233    0.191    0.141    0.2      0.241    0.333
 0.2      0.225    0.3      0.292    0.108    0.173094]",1,sb_int-additive_comp-vsmean_gbatt-false_gbalt-true_lk-free_inh-gaze-dependent,0
2075,9,1,51,attraction,B,M,1,target,3750.0,0.78,0.68,0.66,7,14,13,0,1,2,False,False,False,[1 2 2 2 1 0 0 0 0 1 1 1 1 1 1 2],[1 1 1 0 1 1 1 0 0 0 1 1 0 0 1 0],"[0.417 0.091 0.242 0.116 0.116 0.233 0.1   0.208 0.083 0.141 0.191 0.283
 0.175 0.216 0.183 0.233]",1,sb_int-additive_comp-vsmean_gbatt-false_gbalt-true_lk-free_inh-gaze-dependent,0
2076,9,1,52,attraction,A,M,0,target,5560.0,0.78,0.62,0.76,8,14,7,1,0,2,False,True,False,[0 0 1 0 0 2 2 2 0 2 2 2 0 0 0 1 1 1 1 1 0 0],[1 1 0 0 0 1 1 0 1 0 1 0 1 1 0 0 0 1 1 0 1 1],"[0.175   0.091   0.125   0.3     0.091   0.091   0.241   0.275   0.216
 0.158   0.217   0.125   0.15    0.275   0.158   0.216   0.133   0.158
 0.208   0.425   0.258   0.16729]",0,sb_int-additive_comp-vsmean_gbatt-false_gbalt-true_lk-free_inh-gaze-dependent,0
2077,9,1,53,compromise,B,L,0,competitor,4880.0,0.78,0.65,0.52,8,14,34,0,1,2,False,False,False,[1 0 0 0 0 0 0 1 2 2 1 1 0 0],[1 1 1 1 0 0 1 1 1 1 1 0 0 1],"[0.133    0.575    0.425    0.742    0.317    0.216    0.175    0.283
 0.133    0.233    0.15     0.116    0.333    0.597135]",0,sb_int-additive_comp-vsmean_gbatt-false_gbalt-true_lk-free_inh-gaze-dependent,0
2078,9,1,54,filler,,L,2,,3480.0,0.19,0.56,0.8,52,17,12,1,2,0,True,False,False,[0 0 0 2 2 2 2 1 1 1 1 1 2],[0 0 0 1 1 0 0 1 1 0 1 0 1],"[0.308    0.15     0.141    0.233    0.158    0.183    0.141    0.225
 0.158    0.225    0.166    0.133    0.227835]",2,sb_int-additive_comp-vsmean_gbatt-false_gbalt-true_lk-free_inh-gaze-dependent,0
2079,9,1,55,compromise,A,L,0,target,7220.0,0.78,0.62,0.85,7,15,5,0,1,2,True,False,True,[1 0 1 1 2 2 1 1 0 0 0 2 2 0 0 0 0 2 2 2 2 1 0 0 1 1 1 0],[1 0 1 1 0 0 0 1 1 1 0 1 1 1 1 0 0 0 1 0 0 1 0 0 0 1 0 0],"[0.1      0.258    0.1      0.15     0.141    0.233    0.166    0.317
 0.183    0.308    0.342    0.141    0.3      0.15     0.141    0.216
 0.141    0.216    0.325    0.3      0.116    0.166    0.283    0.133
 0.191    0.517    0.125    0.130611]",0,sb_int-additive_comp-vsmean_gbatt-false_gbalt-true_lk-free_inh-gaze-dependent,0
2080,9,1,56,attraction,A,R,1,competitor,4870.0,0.72,0.65,0.7,7,15,6,0,2,1,True,True,True,[2 0 0 0 2 1 1 2 2 0 0 0 0 0 2 1 1 1 1],[0 0 1 1 1 1 0 0 0 0 1 1 0 0 0 0 1 1 0],"[0.15     0.233    0.083    0.342    0.333    0.266    0.116    0.108
 0.125    0.225    0.141    0.1      0.25     0.158    0.241    0.266
 0.225    0.325    0.476961]",1,sb_int-additive_comp-vsmean_gbatt-false_gbalt-true_lk-free_inh-gaze-dependent,0
2081,9,1,57,attraction,A,L,1,competitor,4980.0,0.72,0.65,0.7,7,15,6,1,0,2,False,True,False,[0 1 2 2 0 2 0 1 1 1 0 0 0 1 1 1 1 1],[1 0 1 1 0 1 0 0 0 0 0 1 1 1 1 0 1 1],"[0.158    0.392    0.275    0.383    0.35     0.442    0.2      0.083
 0.116    0.492    0.1      0.108    0.208    0.242    0.091    0.425
 0.108    0.082315]",1,sb_int-additive_comp-vsmean_gbatt-false_gbalt-true_lk-free_inh-gaze-dependent,0
2082,9,1,58,compromise,B,L,1,target,5170.0,0.72,0.68,0.58,8,14,35,2,0,1,False,True,True,[2 1 2 2 2 0 0 2 2 0 2 2 2 1 1 1 1 1 1],[0 0 1 0 0 1 0 0 0 1 1 0 0 0 1 0 0 1 1],"[0.191 0.233 0.108 0.208 0.15  0.408 0.692 0.141 0.108 0.225 0.358 0.266
 0.116 0.166 0.317 0.166 0.275 0.108 0.258]",1,sb_int-additive_comp-vsmean_gbatt-false_gbalt-true_lk-free_inh-gaze-dependent,0
2083,9,1,59,filler,,L,2,,3900.0,0.27,0.61,0.89,37,16,11,2,1,0,True,False,False,[1 2 2 2 2 2 1 1 0 0 0 1 1 2],[1 1 1 0 1 1 1 1 1 1 0 1 1 1],"[0.325    0.091    0.308    0.542    0.2      0.283    0.083    0.116
 0.091    0.141    0.266    0.133    0.241    0.330514]",2,sb_int-additive_comp-vsmean_gbatt-false_gbalt-true_lk-free_inh-gaze-dependent,0
2084,9,1,60,compromise,A,L,1,competitor,4110.0,0.78,0.68,0.88,8,15,5,2,0,1,True,True,True,[2 1 0 2 2 2 2 0 0 0 1 1 1 1 1 1],[0 0 0 0 1 0 0 1 0 0 0 0 1 1 0 0],"[0.15     0.233    0.258    0.483    0.5      0.225    0.141    0.317
 0.2      0.233    0.166    0.133    0.208    0.166    0.233    0.033729]",1,sb_int-additive_comp-vsmean_gbatt-false_gbalt-true_lk-free_inh-gaze-dependent,0
2085,9,1,61,attraction,B,M,1,target,3520.0,0.72,0.68,0.66,8,14,13,2,1,0,False,False,False,[1 1 2 2 2 1 1 0 0 1 1 1],[1 1 1 0 0 0 1 1 0 0 1 1],"[0.2      0.241    0.283    0.183    0.258    0.191    0.208    0.325
 0.333    0.175    0.2      0.498795]",1,sb_int-additive_comp-vsmean_gbatt-false_gbalt-true_lk-free_inh-gaze-dependent,0
2086,9,1,62,filler,,R,2,,1520.0,0.27,0.47,0.86,37,21,11,0,1,2,False,False,False,[1 2 2 2 2],[1 1 0 0 1],[0.433   0.475   0.275   0.175   0.05706],2,sb_int-additive_comp-vsmean_gbatt-false_gbalt-true_lk-free_inh-gaze-dependent,0
2087,9,1,63,filler,,L,2,,3210.0,0.29,0.42,0.72,34,23,13,1,2,0,True,False,True,[1 1 1 1 0 2 2 2 2 2 0 0],[1 1 0 0 1 1 0 1 1 0 0 1],"[0.191    0.166    0.133    0.166    0.166    0.191    0.183    0.242
 0.108    0.4      0.3      0.075301]",2,sb_int-additive_comp-vsmean_gbatt-false_gbalt-true_lk-free_inh-gaze-dependent,0
2088,9,1,64,attraction,A,L,1,competitor,4130.0,0.72,0.68,0.7,7,14,6,1,0,2,False,True,True,[0 1 1 1 1 1 0 0 0 2 2 0 0 2 0 0 2 2 1 1],[1 0 0 0 1 1 0 1 1 0 0 1 0 1 1 1 0 1 0 0],"[0.125    0.116    0.175    0.191    0.158    0.192    0.175    0.083
 0.208    0.125    0.2      0.25     0.217    0.266    0.166    0.191
 0.2      0.133    0.15     0.240772]",1,sb_int-additive_comp-vsmean_gbatt-false_gbalt-true_lk-free_inh-gaze-dependent,0
2089,9,1,65,compromise,B,R,2,decoy,7780.0,0.72,0.68,0.58,7,15,35,1,0,2,True,True,True,[0 1 1 1 2 2 2 2 2 0 0 0 0 0 0 0 1 1 1 1 1 1 0 2 2],[0 0 1 0 0 0 0 1 1 1 0 0 0 1 0 0 0 1 1 0 0 0 0 0 1],"[0.15  0.266 0.45  0.291 0.15  0.233 0.183 0.191 0.408 0.267 0.108 0.325
 0.367 0.425 0.166 0.216 0.425 0.116 0.25  0.1   0.125 0.25  0.291 0.425
 0.909]",2,sb_int-additive_comp-vsmean_gbatt-false_gbalt-true_lk-free_inh-gaze-dependent,0
2090,9,1,66,attraction,B,L,0,competitor,5990.0,0.72,0.62,0.6,8,14,13,0,2,1,False,False,True,[1 1 2 0 0 2 2 1 1 1 2 0 0 0 2 2 1 1 1 2 2 2 0 0 0],[1 1 0 1 0 1 1 0 0 1 0 1 1 0 1 1 0 1 1 1 1 0 1 0 0],"[0.216    0.133    0.233    0.175    0.116    0.175    0.175    0.15
 0.267    0.233    0.266    0.333    0.108    0.534    0.208    0.175
 0.25     0.15     0.392    0.141    0.158    0.25     0.308    0.133
 0.037168]",0,sb_int-additive_comp-vsmean_gbatt-false_gbalt-true_lk-free_inh-gaze-dependent,0
2091,9,1,67,attraction,A,L,0,target,4980.0,0.72,0.62,0.7,8,15,7,0,1,2,True,True,True,[2 0 0 1 1 1 0 0 0 1 2 1 0 2 2 2 0 0],[0 0 1 1 1 0 1 0 0 0 0 1 1 1 0 0 0 1],"[0.175    0.333    0.3      0.3      0.091    0.166    0.225    0.233
 0.141    0.258    0.091    0.291    0.158    0.291    0.258    0.1
 0.325    0.401759]",0,sb_int-additive_comp-vsmean_gbatt-false_gbalt-true_lk-free_inh-gaze-dependent,0
2092,9,1,68,attraction,A,L,1,competitor,3840.0,0.75,0.65,0.73,8,14,7,2,0,1,True,True,True,[1 2 2 0 1 1 1 1 2 0 2 2 0 1 1],[0 0 0 0 0 0 1 1 1 1 1 0 0 0 1],"[0.225    0.241    0.116    0.192    0.158    0.2      0.133    0.325
 0.375    0.433    0.158    0.208    0.241    0.191    0.075348]",1,sb_int-additive_comp-vsmean_gbatt-false_gbalt-true_lk-free_inh-gaze-dependent,0
2093,9,1,69,attraction,A,M,1,competitor,8710.0,0.78,0.68,0.76,7,15,6,2,1,0,False,False,True,[2 2 2 2 2 2 2 1 1 1 1 1 1 1 1 1 0 0 1 0 0 1 0 0 1 1 1 1 1 2 2 1],[0 0 1 1 1 1 0 1 1 0 1 1 0 0 1 1 0 0 0 1 1 1 0 1 1 1 0 0 1 0 1 0],"[0.108 0.216 0.225 0.375 0.3   0.183 0.283 0.108 0.166 0.625 0.158 0.375
 0.1   0.242 0.183 0.158 0.166 0.191 0.158 0.292 0.091 0.283 0.475 0.325
 0.233 0.175 0.175 0.308 0.166 0.208 0.45  0.15 ]",1,sb_int-additive_comp-vsmean_gbatt-false_gbalt-true_lk-free_inh-gaze-dependent,0
2094,9,1,70,compromise,B,R,0,competitor,2560.0,0.75,0.62,0.58,7,15,34,2,0,1,False,False,False,[2 1 1 2 2 2 0 0 0 0 0],[1 1 0 1 0 0 1 1 0 0 1],"[0.233    0.266    0.291    0.317    0.175    0.108    0.091    0.25
 0.2      0.141    0.060326]",0,sb_int-additive_comp-vsmean_gbatt-false_gbalt-true_lk-free_inh-gaze-dependent,0
2095,9,1,71,compromise,A,L,0,target,3660.0,0.78,0.62,0.85,8,14,5,0,2,1,True,False,True,[2 2 2 2 0 0 0 0 1 1 1 1 0 0 0],[0 1 1 0 0 1 0 0 1 1 0 0 0 0 1],"[0.367    0.2      0.275    0.141    0.241    0.375    0.2      0.141
 0.225    0.15     0.292    0.1      0.1      0.225    0.054529]",0,sb_int-additive_comp-vsmean_gbatt-false_gbalt-true_lk-free_inh-gaze-dependent,0
2096,9,1,72,compromise,A,L,1,competitor,4320.0,0.72,0.65,0.82,8,15,5,2,0,1,False,True,True,[2 2 2 2 1 1 1 0 0 0 0 1 1 1 1],[0 1 1 0 0 1 1 0 0 1 1 0 1 1 0],"[0.45    0.233   0.183   0.292   0.191   0.216   0.133   0.217   0.1
 0.175   0.308   0.375   0.091   0.475   0.36837]",1,sb_int-additive_comp-vsmean_gbatt-false_gbalt-true_lk-free_inh-gaze-dependent,0
2097,9,1,73,filler,,R,2,,3750.0,0.32,0.6,0.78,31,16,12,1,0,2,True,True,False,[0 2 2 2 2 0 0 1 1 0 0 2],[0 1 0 1 1 0 0 0 1 1 0 1],"[0.4      0.342    0.492    0.233    0.183    0.141    0.158    0.225
 0.225    0.333    0.217    0.365814]",2,sb_int-additive_comp-vsmean_gbatt-false_gbalt-true_lk-free_inh-gaze-dependent,0
2098,9,1,74,attraction,B,M,1,target,3650.0,0.78,0.65,0.63,7,15,14,2,1,0,False,True,True,[1 2 2 1 1 0 0 1 1 1 2 1 1],[0 0 1 1 1 0 1 0 1 1 0 0 0],"[0.183 0.35  0.208 0.091 0.216 0.275 0.383 0.208 0.108 0.2   0.3   0.4
 0.216]",1,sb_int-additive_comp-vsmean_gbatt-false_gbalt-true_lk-free_inh-gaze-dependent,0
2099,9,1,75,compromise,B,R,0,competitor,5660.0,0.72,0.62,0.55,8,14,35,2,1,0,False,False,True,[2 2 2 1 1 0 0 0 0 0 0 1 2 2 2 1 1 1 1 2 0 0],[0 1 1 0 0 0 0 1 1 1 1 1 0 1 1 0 0 1 1 0 0 1],"[0.342    0.158    0.225    0.283    0.108    0.141    0.108    0.216
 0.133    0.35     0.15     0.292    0.392    0.2      0.225    0.2
 0.208    0.175    0.208    0.458    0.183    0.131402]",2,sb_int-additive_comp-vsmean_gbatt-false_gbalt-true_lk-free_inh-gaze-dependent,0
2100,9,2,76,attraction,A,R,0,target,6030.0,0.78,0.68,0.76,12,15,11,2,0,1,True,False,True,[2 1 1 1 1 1 2 2 0 0 0 0 2 1 1 2 2 2 0 0 0 0 0 1 0],[0 1 0 0 1 1 0 0 0 1 1 0 0 1 0 1 0 0 0 1 1 0 0 1 0],"[0.191    0.342    0.15     0.191    0.208    0.133    0.191    0.158
 0.4      0.241    0.141    0.2      0.175    0.241    0.275    0.333
 0.358    0.108    0.158    0.108    0.141    0.166    0.15     0.367
 0.117103]",0,sb_int-additive_comp-vsmean_gbatt-false_gbalt-true_lk-free_inh-gaze-dependent,0
2101,9,2,77,compromise,B,M,1,target,6170.0,0.72,0.68,0.55,11,14,33,0,1,2,True,False,True,[1 0 0 0 1 2 2 2 2 1 1 0 0 0 1 1 1 1 1 1 1 0 1],[1 0 1 1 0 1 1 0 0 1 1 0 1 0 1 1 0 0 0 1 1 1 1],"[0.225    0.2      0.208    0.125    0.183    0.158    0.083    0.108
 0.567    0.192    0.125    0.275    0.216    0.275    0.216    0.15
 0.217    0.375    0.116    0.917    0.125    0.208    0.042853]",1,sb_int-additive_comp-vsmean_gbatt-false_gbalt-true_lk-free_inh-gaze-dependent,0
2102,9,2,78,attraction,A,L,0,target,4960.0,0.72,0.65,0.7,11,15,10,0,2,1,True,True,True,[2 2 1 2 2 2 2 0 0 2 2 2 1 1 1 1 1 0 0 0],[0 0 0 1 1 0 0 0 1 1 0 0 0 0 1 1 0 0 1 0],"[0.25     0.141    0.191    0.175    0.241    0.083    0.15     0.283
 0.358    0.325    0.166    0.183    0.216    0.125    0.116    0.317
 0.45     0.275    0.242    0.055321]",0,sb_int-additive_comp-vsmean_gbatt-false_gbalt-true_lk-free_inh-gaze-dependent,0
2103,9,2,79,filler,,R,2,,2620.0,0.24,0.37,0.76,41,27,13,1,0,2,True,False,True,[0 1 1 0 1 0 2 2 2 2 2],[0 1 0 1 0 0 0 1 1 0 0],"[0.233    0.275    0.233    0.325    0.158    0.208    0.233    0.141
 0.158    0.217    0.061026]",2,sb_int-additive_comp-vsmean_gbatt-false_gbalt-true_lk-free_inh-gaze-dependent,0
2104,9,2,80,attraction,B,M,0,competitor,3990.0,0.78,0.65,0.63,12,15,14,1,0,2,False,True,False,[0 0 1 1 0 0 0 0 0 2 2 2 0 1 0 1 0],[1 1 0 0 0 0 1 1 0 1 0 0 0 1 1 0 1],"[0.125   0.116   0.258   0.1     0.141   0.217   0.292   0.083   0.158
 0.266   0.225   0.167   0.25    0.158   0.25    0.266   0.13661]",0,sb_int-additive_comp-vsmean_gbatt-false_gbalt-true_lk-free_inh-gaze-dependent,0
2105,9,2,81,compromise,A,R,0,target,7690.0,0.72,0.68,0.82,12,15,9,2,1,0,False,False,False,[1 1 1 2 1 0 0 1 1 1 1 2 2 1 1 1 0 0 0 0 2 2 2 0 0 1 1 0],[1 1 0 0 0 0 0 0 1 1 1 1 1 1 0 0 1 1 0 0 1 1 0 0 0 0 1 1],"[0.183    0.133    0.367    0.283    0.1      0.175    0.166    0.225
 0.116    0.308    0.367    0.25     0.5      0.367    0.183    0.183
 0.1      0.325    0.258    0.175    0.116    0.375    0.442    0.125
 0.166    0.183    0.217    0.466004]",1,sb_int-additive_comp-vsmean_gbatt-false_gbalt-true_lk-free_inh-gaze-dependent,0
2106,9,2,82,attraction,A,M,0,target,4410.0,0.78,0.62,0.76,11,15,10,1,2,0,True,True,True,[0 2 2 2 0 0 0 2 1 1 1 1 1 1 0 0],[0 0 1 0 1 1 0 0 0 0 1 1 0 0 0 1],"[0.241    0.275    0.358    0.292    0.191    0.15     0.35     0.342
 0.166    0.216    0.216    0.191    0.158    0.175    0.291    0.260607]",0,sb_int-additive_comp-vsmean_gbatt-false_gbalt-true_lk-free_inh-gaze-dependent,0
2107,9,2,83,attraction,B,R,0,competitor,3430.0,0.72,0.62,0.6,12,15,14,2,1,0,False,False,False,[1 1 2 1 0 0 0 0 1 2 2 2 0],[1 1 1 1 1 0 0 1 0 0 1 1 1],"[0.15  0.108 0.342 0.2   0.358 0.15  0.2   0.241 0.4   0.208 0.141 0.133
 0.358]",0,sb_int-additive_comp-vsmean_gbatt-false_gbalt-true_lk-free_inh-gaze-dependent,0
2108,9,2,84,compromise,A,M,0,target,5930.0,0.78,0.68,0.88,12,15,9,1,0,2,False,False,True,[0 1 0 0 0 0 2 2 0 1 1 1 1 0 0 0 0 2 2 1 0 0],[1 1 1 0 0 1 0 1 0 0 0 1 1 1 1 0 0 1 1 0 0 1],"[0.15     0.358    0.2      0.2      0.225    0.125    0.367    0.166
 0.333    0.458    0.1      0.275    0.133    0.108    0.575    0.191
 0.183    0.1      0.333    0.275    0.116    0.027802]",0,sb_int-additive_comp-vsmean_gbatt-false_gbalt-true_lk-free_inh-gaze-dependent,0
2109,9,2,85,compromise,A,R,0,target,6140.0,0.72,0.68,0.82,12,15,9,2,1,0,False,True,False,[1 1 1 1 1 0 0 0 1 1 1 2 2 2 2 1 0 0 0 1 1 1 1 0 0 0],[0 0 1 1 0 1 1 0 1 0 0 1 1 0 0 1 0 0 1 0 1 0 0 0 0 1],"[0.3      0.133    0.158    0.166    0.2      0.133    0.558    0.225
 0.25     0.258    0.091    0.175    0.292    0.175    0.233    0.141
 0.225    0.158    0.342    0.283    0.216    0.225    0.116    0.158
 0.141    0.132302]",0,sb_int-additive_comp-vsmean_gbatt-false_gbalt-true_lk-free_inh-gaze-dependent,0
2110,9,2,86,attraction,A,R,0,target,4870.0,0.75,0.65,0.73,11,15,10,2,0,1,False,True,True,[2 1 1 1 2 2 2 2 0 0 0 0 0 2 2 2 0 0 0],[0 0 1 0 1 1 0 0 1 1 0 0 1 0 1 1 0 1 1],"[0.2      0.383    0.375    0.442    0.116    0.2      0.225    0.15
 0.233    0.108    0.108    0.225    0.208    0.325    0.158    0.242
 0.242    0.217    0.161649]",0,sb_int-additive_comp-vsmean_gbatt-false_gbalt-true_lk-free_inh-gaze-dependent,0
2111,9,2,87,compromise,B,M,2,decoy,6040.0,0.72,0.62,0.55,12,14,33,2,0,1,False,False,False,[2 1 1 1 1 2 2 2 0 0 0 0 2 0 2 2 2 2 2],[1 1 0 0 1 0 1 0 0 1 0 0 1 1 1 1 0 0 1],"[0.158    0.225    0.291    0.25     0.358    0.175    0.317    0.308
 0.375    0.383    0.108    0.333    0.158    0.575    0.15     0.158
 0.225    0.258    0.276132]",2,sb_int-additive_comp-vsmean_gbatt-false_gbalt-true_lk-free_inh-gaze-dependent,0
2112,9,2,88,compromise,A,M,0,target,4220.0,0.75,0.65,0.82,12,15,9,1,0,2,True,True,False,[0 2 1 1 1 1 0 0 0 2 2 2 0 0 1 0],[0 1 0 1 1 0 1 0 0 1 0 0 1 0 0 0],"[0.183    0.158    0.325    0.225    0.216    0.125    0.308    0.208
 0.242    0.158    0.3      0.242    0.183    0.392    0.367    0.039358]",0,sb_int-additive_comp-vsmean_gbatt-false_gbalt-true_lk-free_inh-gaze-dependent,0
2113,9,2,89,attraction,A,R,0,target,4970.0,0.72,0.65,0.7,12,15,11,2,0,1,False,True,True,[2 2 1 1 1 2 2 0 0 0 2 2 2 2 0 2 0 0 2 1 1 1 0],[0 0 0 0 1 1 1 0 1 1 0 0 1 1 0 0 1 1 1 1 1 0 1],"[0.15     0.233    0.175    0.141    0.1      0.208    0.216    0.283
 0.2      0.233    0.183    0.083    0.15     0.166    0.25     0.233
 0.35     0.1      0.141    0.183    0.133    0.333    0.093587]",0,sb_int-additive_comp-vsmean_gbatt-false_gbalt-true_lk-free_inh-gaze-dependent,0
2114,9,2,90,attraction,A,L,0,target,5450.0,0.72,0.68,0.7,11,14,10,0,2,1,False,False,False,[2 0 0 0 2 1 1 1 2 2 2 2 1 0 0 0 2 1 0],[1 1 0 0 0 0 1 0 1 1 0 1 1 1 0 0 0 0 1],"[0.166    0.175    0.083    0.233    0.233    0.225    0.417    0.425
 0.125    0.25     0.45     0.308    0.258    0.375    0.141    0.158
 0.183    0.192    0.127194]",0,sb_int-additive_comp-vsmean_gbatt-false_gbalt-true_lk-free_inh-gaze-dependent,0
2115,9,2,91,attraction,A,R,0,target,3380.0,0.75,0.65,0.73,12,15,11,2,1,0,True,False,False,[1 2 2 2 2 2 1 0 0 0 0 2 2 2 0],[1 1 0 0 1 1 1 0 1 1 0 0 1 1 0],"[0.175    0.166    0.15     0.166    0.183    0.208    0.166    0.241
 0.216    0.192    0.208    0.15     0.108    0.208    0.116766]",0,sb_int-additive_comp-vsmean_gbatt-false_gbalt-true_lk-free_inh-gaze-dependent,0
2116,9,2,92,attraction,B,R,1,target,7580.0,0.72,0.68,0.66,12,14,13,1,2,0,True,True,False,[0 2 2 2 0 1 0 0 0 0 1 1 0 0 0 0 1 1 1 1 2 2 2 1 1 0 0 0 0 1],[0 1 0 1 0 0 0 0 1 1 1 0 0 0 1 1 0 0 1 1 0 0 1 0 0 0 1 1 0 0],"[0.2     0.258   0.425   0.241   0.141   0.2     0.1     0.108   0.083
 0.258   0.291   0.433   0.158   0.141   0.241   0.083   0.291   0.292
 0.175   0.15    0.166   0.158   0.308   0.158   0.291   0.325   0.158
 0.225   0.167   0.24266]",0,sb_int-additive_comp-vsmean_gbatt-false_gbalt-true_lk-free_inh-gaze-dependent,0
2117,9,2,93,attraction,B,R,1,target,6900.0,0.75,0.68,0.66,11,14,13,0,2,1,False,False,True,[2 0 1 1 1 2 2 2 0 0 1 1 2 2 2 2 2 1 2 2 1 1 1 0 0 0 1],[0 1 0 0 1 0 0 1 0 1 1 1 0 1 1 0 0 1 1 1 0 0 1 1 1 0 1],"[0.2     0.367   0.141   0.208   0.392   0.217   0.217   0.158   0.241
 0.283   0.083   0.141   0.308   0.15    0.25    0.158   0.133   0.241
 0.2     0.225   0.2     0.283   0.2     0.158   0.2     0.116   0.07243]",2,sb_int-additive_comp-vsmean_gbatt-false_gbalt-true_lk-free_inh-gaze-dependent,0
2118,9,2,94,compromise,A,R,0,target,6030.0,0.78,0.68,0.85,11,15,9,2,1,0,False,True,False,[1 1 1 1 2 2 2 2 1 1 1 0 0 0 0 0 1 1 1 0 0 0],[0 0 1 1 1 1 0 0 1 0 0 1 1 0 0 1 0 1 1 1 0 0],"[0.325 0.183 0.35  0.116 0.116 0.458 0.25  0.116 0.333 0.175 0.175 0.225
 0.083 0.108 0.258 0.116 0.342 0.292 0.1   0.292 0.317 0.317]",0,sb_int-additive_comp-vsmean_gbatt-false_gbalt-true_lk-free_inh-gaze-dependent,0
2119,9,2,95,filler,,M,2,,4030.0000000000014,0.27,0.47,0.86,37,21,11,2,0,1,True,False,True,[2 1 0 0 0 2 0 1 1 1 2 2 2],[0 1 0 0 1 1 0 1 1 0 1 0 0],"[0.116    0.25     0.467    0.133    0.208    0.191    0.2      0.367
 0.125    0.291    0.317    0.175    0.417754]",2,sb_int-additive_comp-vsmean_gbatt-false_gbalt-true_lk-free_inh-gaze-dependent,0
2120,9,2,96,attraction,B,M,0,competitor,4680.0,0.72,0.65,0.63,12,14,13,1,2,0,False,True,True,[1 1 0 0 2 2 2 2 0 0 0 2 2 0 1 1 1 1 0 0],[0 0 0 0 0 0 1 1 0 1 1 0 1 0 1 1 0 0 1 1],"[0.116    0.175    0.108    0.258    0.133    0.158    0.175    0.208
 0.216    0.191    0.158    0.508    0.325    0.2      0.225    0.183
 0.241    0.083    0.283    0.081856]",0,sb_int-additive_comp-vsmean_gbatt-false_gbalt-true_lk-free_inh-gaze-dependent,0
2121,9,2,97,filler,,L,2,,2860.0,0.16,0.46,0.87,62,21,11,2,1,0,False,True,False,[1 2 2 2 1 0 0 0 1 2 2],[0 1 1 0 1 0 1 1 0 1 1],"[0.158    0.208    0.166    0.4      0.342    0.233    0.15     0.308
 0.133    0.275    0.120534]",2,sb_int-additive_comp-vsmean_gbatt-false_gbalt-true_lk-free_inh-gaze-dependent,0
2122,9,2,98,attraction,B,R,0,competitor,2820.0,0.78,0.62,0.6,11,15,14,2,1,0,True,True,True,[1 2 2 2 1 0 0 1 2 0 0],[0 0 1 1 1 1 0 0 0 1 1],"[0.15     0.233    0.15     0.15     0.225    0.308    0.367    0.358
 0.166    0.192    0.067614]",0,sb_int-additive_comp-vsmean_gbatt-false_gbalt-true_lk-free_inh-gaze-dependent,0
2123,9,2,99,compromise,B,M,2,decoy,3060.0,0.72,0.68,0.58,11,15,33,2,0,1,False,False,True,[1 1 1 2 0 2 2 0 2 2 2],[1 0 0 0 1 1 1 0 0 0 1],"[0.241    0.108    0.166    0.6      0.1      0.166    0.417    0.192
 0.141    0.292    0.189415]",2,sb_int-additive_comp-vsmean_gbatt-false_gbalt-true_lk-free_inh-gaze-dependent,0
2124,9,2,100,attraction,B,M,0,competitor,5670.0,0.72,0.62,0.6,12,14,13,1,2,0,False,False,True,[0 1 1 0 2 2 2 2 2 2 2 0 0 0 0 0 1 1 1 1 1 0],[1 1 0 0 1 1 0 1 1 1 0 1 0 0 1 1 1 0 0 0 1 1],"[0.233    0.191    0.225    0.241    0.383    0.116    0.408    0.183
 0.233    0.358    0.308    0.15     0.208    0.141    0.175    0.141
 0.191    0.225    0.133    0.2      0.342    0.259435]",0,sb_int-additive_comp-vsmean_gbatt-false_gbalt-true_lk-free_inh-gaze-dependent,0
2125,9,2,101,attraction,B,L,0,competitor,4220.0,0.75,0.62,0.6,11,15,14,0,1,2,False,True,True,[1 1 1 1 1 0 0 0 0 0 1 1 2 2 1 1 1 2 0],[0 0 0 1 1 0 1 1 0 0 1 0 0 0 0 0 1 1 1],"[0.133    0.166    0.108    0.166    0.15     0.233    0.258    0.216
 0.133    0.392    0.183    0.125    0.141    0.083    0.217    0.141
 0.325    0.292    0.097775]",1,sb_int-additive_comp-vsmean_gbatt-false_gbalt-true_lk-free_inh-gaze-dependent,0
2126,9,2,102,attraction,B,M,0,competitor,4100.0,0.75,0.65,0.63,11,14,13,1,2,0,False,True,False,[0 2 0 0 0 1 1 1 0 0 0 2 2 2 2 1 1 1],[1 1 1 0 0 1 0 0 1 0 0 0 1 1 1 0 1 1],"[0.175 0.216 0.183 0.208 0.2   0.158 0.133 0.233 0.166 0.183 0.442 0.241
 0.141 0.225 0.125 0.216 0.108 0.166]",1,sb_int-additive_comp-vsmean_gbatt-false_gbalt-true_lk-free_inh-gaze-dependent,0
2127,9,2,103,compromise,A,L,0,target,2880.0,0.78,0.62,0.85,12,14,9,0,2,1,False,False,False,[0 0 2 2 1 2 0 0 1 1 1 1 0],[1 1 1 1 1 0 0 1 0 1 1 0 1],"[0.166    0.358    0.083    0.15     0.258    0.275    0.225    0.15
 0.233    0.166    0.183    0.2      0.056685]",0,sb_int-additive_comp-vsmean_gbatt-false_gbalt-true_lk-free_inh-gaze-dependent,0
2128,9,2,104,attraction,B,R,0,competitor,3440.0,0.78,0.65,0.63,11,15,14,2,0,1,False,True,False,[2 1 0 0 0 2 2 2 1 1 1 1 2 0 0 0],[1 0 1 1 0 0 1 1 0 0 1 1 0 0 1 1],"[0.191    0.208    0.25     0.166    0.333    0.1      0.2      0.091
 0.15     0.141    0.241    0.141    0.116    0.1      0.141    0.123006]",0,sb_int-additive_comp-vsmean_gbatt-false_gbalt-true_lk-free_inh-gaze-dependent,0
2129,9,2,105,filler,,R,2,,4940.0,0.19,0.59,0.81,52,16,12,0,1,2,False,False,False,[1 2 2 0 0 1 1 2 1 2 2 2 1 0 0 0 0 2 2],[1 1 1 1 1 1 1 1 1 1 0 0 0 0 1 1 0 1 1],"[0.2      0.158    0.116    0.15     0.3      0.15     0.233    0.325
 0.425    0.25     0.258    0.083    0.233    0.266    0.233    0.191
 0.392    0.133    0.105624]",2,sb_int-additive_comp-vsmean_gbatt-false_gbalt-true_lk-free_inh-gaze-dependent,0
2130,9,2,106,compromise,B,R,2,decoy,6410.0,0.75,0.62,0.58,11,15,32,1,0,2,True,False,False,[0 0 2 2 2 2 0 1 2 2 2 2 2 2 2 2 2 0 0 0 0 1 1 1 2],[0 0 1 1 0 0 0 1 1 1 0 1 1 0 0 0 1 0 1 1 1 0 1 1 1],"[0.133    0.183    0.175    0.425    0.116    0.275    0.3      0.225
 0.166    0.141    0.4      0.091    0.316    0.175    0.342    0.475
 0.375    0.191    0.141    0.175    0.15     0.241    0.175    0.208
 0.139486]",2,sb_int-additive_comp-vsmean_gbatt-false_gbalt-true_lk-free_inh-gaze-dependent,0
2131,9,2,107,compromise,B,L,0,competitor,4330.0,0.78,0.62,0.55,12,14,33,0,2,1,True,True,True,[2 1 1 1 2 2 2 0 0 1 0 0 0 1 1 1 0],[0 0 1 1 1 0 0 0 1 0 0 0 1 1 0 0 0],"[0.158    0.241    0.091    0.116    0.358    0.283    0.141    0.3
 0.166    0.275    0.342    0.083    0.3      0.283    0.183    0.116
 0.144583]",0,sb_int-additive_comp-vsmean_gbatt-false_gbalt-true_lk-free_inh-gaze-dependent,0
2132,9,2,108,compromise,A,L,0,target,3750.0,0.78,0.65,0.82,12,14,10,0,1,2,False,True,False,[1 0 0 0 0 0 1 2 2 2 2 2 0 0 0 0],[0 1 1 0 0 0 1 0 1 1 0 0 1 0 0 1],"[0.166    0.183    0.191    0.108    0.167    0.116    0.333    0.241
 0.108    0.216    0.125    0.183    0.116    0.1      0.141    0.565914]",0,sb_int-additive_comp-vsmean_gbatt-false_gbalt-true_lk-free_inh-gaze-dependent,0
2133,9,2,109,compromise,A,R,0,target,3990.0,0.78,0.65,0.82,12,14,9,2,1,0,False,False,True,[1 2 2 1 0 0 0 0 1 0 2 2 2 0 0 1 1 1 1],[1 0 0 1 1 1 0 0 1 1 1 1 0 1 0 1 1 0 0],"[0.158 0.083 0.091 0.15  0.258 0.15  0.091 0.208 0.175 0.225 0.333 0.091
 0.133 0.233 0.225 0.158 0.158 0.175 0.175]",0,sb_int-additive_comp-vsmean_gbatt-false_gbalt-true_lk-free_inh-gaze-dependent,0
2134,9,2,110,filler,,R,2,,2820.0,0.29,0.42,0.72,34,23,13,0,1,2,True,False,True,[1 0 0 2 2 1 0 0 2 2],[1 0 1 1 0 1 1 1 0 0],"[0.15     0.2      0.191    0.383    0.358    0.475    0.2      0.15
 0.167    0.089568]",2,sb_int-additive_comp-vsmean_gbatt-false_gbalt-true_lk-free_inh-gaze-dependent,0
2135,9,2,111,attraction,A,L,0,target,3780.0,0.78,0.62,0.76,12,14,11,0,2,1,False,True,True,[2 2 0 0 0 2 2 1 1 1 1 0 0 0 0],[0 1 0 1 0 0 0 1 1 1 0 1 1 0 0],"[0.208    0.183    0.175    0.383    0.383    0.166    0.317    0.133
 0.166    0.091    0.283    0.175    0.091    0.175    0.122036]",0,sb_int-additive_comp-vsmean_gbatt-false_gbalt-true_lk-free_inh-gaze-dependent,0
2136,9,2,112,attraction,B,L,0,competitor,2820.0,0.72,0.62,0.6,12,15,14,0,2,1,False,True,True,[2 0 0 0 1 1 1 2 2 0 0],[0 1 0 0 0 0 1 0 1 1 1],"[0.125    0.3      0.158    0.216    0.242    0.216    0.3      0.208
 0.2      0.15     0.160856]",0,sb_int-additive_comp-vsmean_gbatt-false_gbalt-true_lk-free_inh-gaze-dependent,0
2137,9,2,113,attraction,B,R,0,competitor,4800.0,0.78,0.62,0.6,12,15,14,2,0,1,True,True,True,[2 1 1 1 2 0 0 0 0 0 0 0 1 1 1 0],[0 0 1 1 1 1 1 0 0 1 0 0 0 0 1 1],"[0.183    0.175    0.2      0.25     0.225    0.158    0.158    0.175
 0.492    1.017    0.166    0.267    0.2      0.125    0.241    0.178365]",0,sb_int-additive_comp-vsmean_gbatt-false_gbalt-true_lk-free_inh-gaze-dependent,0
2138,9,2,114,compromise,B,L,0,competitor,3680.0,0.72,0.65,0.52,12,15,32,0,2,1,True,True,True,[2 0 0 2 1 1 1 0 0 0 1 1 1 2 0],[0 0 1 1 1 0 0 1 0 0 0 0 1 1 1],"[0.166    0.325    0.35     0.191    0.267    0.216    0.125    0.141
 0.1      0.216    0.216    0.108    0.25     0.3      0.054051]",0,sb_int-additive_comp-vsmean_gbatt-false_gbalt-true_lk-free_inh-gaze-dependent,0
2139,9,2,115,filler,,R,2,,3410.0,0.32,0.6,0.78,31,16,12,1,0,2,True,False,False,[0 0 1 0 0 0 0 2 2 2 1 1 1 2],[0 0 1 1 1 0 0 1 0 0 0 1 1 1],"[0.183    0.158    0.225    0.241    0.333    0.141    0.225    0.241
 0.35     0.15     0.233    0.175    0.15     0.299025]",2,sb_int-additive_comp-vsmean_gbatt-false_gbalt-true_lk-free_inh-gaze-dependent,0
2140,9,2,116,compromise,A,R,2,decoy,4140.0,0.75,0.62,0.88,11,15,10,0,1,2,False,False,False,[0 0 0 0 1 1 1 2 2 2 2 0 0 2 2 2 1 1],[1 1 0 0 0 0 1 1 1 0 0 0 1 1 1 0 0 0],"[0.133 0.175 0.158 0.166 0.208 0.108 0.191 0.2   0.125 0.208 0.1   0.283
 0.333 0.333 0.233 0.216 0.283 0.108]",2,sb_int-additive_comp-vsmean_gbatt-false_gbalt-true_lk-free_inh-gaze-dependent,0
2141,9,2,117,attraction,A,R,0,target,3320.0,0.72,0.65,0.7,11,15,10,2,0,1,False,False,False,[1 2 0 2 2 0 0 2 1 1 1 1 1 0 0 0],[1 1 1 1 1 0 0 0 0 1 1 0 0 0 0 1],"[0.191    0.15     0.342    0.108    0.125    0.158    0.133    0.233
 0.258    0.191    0.183    0.175    0.2      0.141    0.108    0.120445]",0,sb_int-additive_comp-vsmean_gbatt-false_gbalt-true_lk-free_inh-gaze-dependent,0
2142,9,2,118,compromise,B,R,2,decoy,4130.0,0.72,0.62,0.58,11,14,33,0,1,2,True,False,False,[0 0 0 1 2 2 2 2 2 2 2 2],[0 0 1 1 1 1 0 1 0 0 1 1],"[0.108    0.25     0.241    0.375    0.166    0.325    0.575    0.458
 0.2      0.333    0.409    0.204292]",2,sb_int-additive_comp-vsmean_gbatt-false_gbalt-true_lk-free_inh-gaze-dependent,0
2143,9,2,119,compromise,A,R,2,decoy,5510.0,0.75,0.68,0.88,11,15,10,1,0,2,False,True,True,[0 2 2 2 2 2 0 1 1 1 0 0 0 2 2 2 2 0 0 2 2 2],[1 0 0 1 1 0 1 0 1 1 0 1 1 0 1 0 0 1 0 1 0 0],"[0.35     0.183    0.175    0.216    0.191    0.183    0.2      0.275
 0.208    0.191    0.292    0.158    0.317    0.216    0.25     0.258
 0.108    0.266    0.25     0.15     0.225    0.079152]",2,sb_int-additive_comp-vsmean_gbatt-false_gbalt-true_lk-free_inh-gaze-dependent,0
2144,9,2,120,compromise,B,R,2,decoy,4620.0,0.75,0.65,0.55,12,14,32,0,1,2,True,False,False,[1 0 0 0 1 1 1 1 1 1 1 2 2 2 2],[1 0 1 0 1 0 0 0 1 1 0 0 1 0 0],"[0.133    0.308    0.417    0.2      0.417    0.158    0.4      0.125
 0.358    0.108    0.208    0.25     0.533    0.158    0.199005]",2,sb_int-additive_comp-vsmean_gbatt-false_gbalt-true_lk-free_inh-gaze-dependent,0
2145,9,2,121,compromise,B,L,2,decoy,3650.0,0.72,0.65,0.55,11,15,33,1,2,0,True,True,False,[0 2 2 2 2 2 1 1 1 0 0 0 0 1 2],[0 1 0 0 1 1 0 0 1 1 0 1 1 1 1],"[0.166 0.233 0.225 0.191 0.325 0.083 0.141 0.242 0.241 0.166 0.208 0.175
 0.225 0.325 0.158]",0,sb_int-additive_comp-vsmean_gbatt-false_gbalt-true_lk-free_inh-gaze-dependent,0
2146,9,2,122,compromise,B,L,2,decoy,5580.0,0.75,0.68,0.55,11,14,32,2,1,0,True,True,False,[1 2 2 2 1 1 0 0 2 2 2 2 2 1 1 1 1 0 0 0 2],[0 1 1 0 1 1 1 0 1 1 0 1 1 0 1 1 0 0 1 0 1],"[0.158    0.116    0.083    0.308    0.141    0.091    0.241    0.283
 0.266    0.191    0.325    0.158    0.158    0.233    0.191    0.158
 0.292    0.225    0.433    0.191    0.350197]",2,sb_int-additive_comp-vsmean_gbatt-false_gbalt-true_lk-free_inh-gaze-dependent,0
2147,9,2,123,compromise,A,M,0,target,3400.0,0.78,0.62,0.85,11,15,9,1,0,2,True,False,False,[0 1 1 0 2 2 2 0 0 0 1 1 1 0],[0 1 0 0 1 0 0 1 0 0 1 0 1 0],"[0.091    0.258    0.175    0.191    0.317    0.283    0.091    0.183
 0.241    0.083    0.225    0.358    0.175    0.117899]",0,sb_int-additive_comp-vsmean_gbatt-false_gbalt-true_lk-free_inh-gaze-dependent,0
2148,9,2,124,attraction,A,L,0,target,3710.0,0.78,0.68,0.76,11,15,10,0,2,1,False,False,True,[2 2 0 0 0 0 2 2 2 1 1 1 0 0],[0 1 1 1 0 0 1 0 1 0 1 1 1 0],"[0.325    0.183    0.158    0.141    0.125    0.3      0.191    0.242
 0.275    0.25     0.258    0.216    0.317    0.055366]",0,sb_int-additive_comp-vsmean_gbatt-false_gbalt-true_lk-free_inh-gaze-dependent,0
2149,9,2,125,attraction,B,M,0,competitor,3430.0,0.78,0.62,0.6,11,14,13,1,0,2,True,True,False,[1 2 0 0 0 1 0 0 1 2 2 2 1 0],[0 1 0 0 1 1 0 0 0 0 0 1 0 0],"[0.166    0.266    0.091    0.091    0.442    0.267    0.108    0.192
 0.233    0.175    0.158    0.217    0.183    0.096567]",0,sb_int-additive_comp-vsmean_gbatt-false_gbalt-true_lk-free_inh-gaze-dependent,0
2150,9,2,126,filler,,M,2,,4140.0,0.31,0.38,0.85,32,26,11,0,2,1,False,False,False,[0 0 0 0 0 0 2 2 2 2 1 1 1],[1 1 0 0 1 0 0 1 0 0 1 1 0],"[0.191 0.108 0.158 0.25  0.225 0.417 0.141 0.542 0.15  0.2   0.133 0.283
 0.433]",2,sb_int-additive_comp-vsmean_gbatt-false_gbalt-true_lk-free_inh-gaze-dependent,0
2151,9,2,127,compromise,A,R,2,decoy,4560.0,0.78,0.68,0.88,11,15,10,0,1,2,True,True,False,[1 2 2 2 1 1 1 0 0 0 2 2 0 1 1 0 1 1 2],[0 1 0 0 1 1 0 1 0 0 1 0 1 0 0 0 0 1 1],"[0.183    0.4      0.216    0.192    0.183    0.25     0.125    0.183
 0.225    0.158    0.283    0.4      0.166    0.116    0.116    0.208
 0.175    0.2      0.064875]",2,sb_int-additive_comp-vsmean_gbatt-false_gbalt-true_lk-free_inh-gaze-dependent,0
2152,9,2,128,attraction,A,M,0,target,3370.0,0.75,0.68,0.73,11,14,10,1,2,0,True,True,True,[0 2 2 2 0 0 0 2 1 1 1 1 1 1 0 0],[0 0 1 1 1 0 0 0 0 0 1 1 0 0 0 1],"[0.225    0.217    0.292    0.116    0.283    0.141    0.108    0.166
 0.166    0.208    0.15     0.208    0.091    0.166    0.233    0.052953]",0,sb_int-additive_comp-vsmean_gbatt-false_gbalt-true_lk-free_inh-gaze-dependent,0
2153,9,2,129,filler,,R,2,,6150.0,0.19,0.56,0.8,52,17,12,1,0,2,False,True,True,[1 1 1 0 0 1 0 0 0 2 1 1 1 2 2 2 2 2 2],[0 0 1 1 1 1 1 1 0 0 0 1 1 0 0 1 1 0 1],"[0.175    0.125    0.275    0.358    0.333    0.308    0.125    0.308
 0.375    0.208    0.417    0.283    0.275    0.258    0.2      0.291
 0.158    0.467    0.342569]",2,sb_int-additive_comp-vsmean_gbatt-false_gbalt-true_lk-free_inh-gaze-dependent,0
2154,9,2,130,attraction,A,R,0,target,4370.0,0.75,0.65,0.73,12,15,11,2,1,0,False,False,True,[2 2 2 2 2 1 1 1 1 0 0 0 0 0 2 2 2 0 0],[0 0 1 1 0 1 0 0 1 1 0 0 1 1 1 1 0 1 1],"[0.083    0.183    0.166    0.225    0.291    0.375    0.175    0.125
 0.166    0.2      0.141    0.208    0.233    0.158    0.116    0.183
 0.183    0.183    0.230794]",0,sb_int-additive_comp-vsmean_gbatt-false_gbalt-true_lk-free_inh-gaze-dependent,0
2155,9,2,131,compromise,B,R,2,decoy,2420.0,0.75,0.62,0.58,12,14,33,0,1,2,True,True,True,[1 0 2 2 2 2 2 2 2 2],[0 0 0 0 1 1 0 1 1 0],"[0.175    0.233    0.175    0.367    0.183    0.267    0.3      0.091
 0.225    0.054738]",2,sb_int-additive_comp-vsmean_gbatt-false_gbalt-true_lk-free_inh-gaze-dependent,0
2156,9,2,132,attraction,A,L,0,target,5170.0,0.75,0.65,0.73,12,14,11,0,1,2,False,False,True,[1 0 0 0 1 0 1 2 2 2 2 2 2 2 0 0 0 0 2 1 1 0],[1 1 0 1 1 0 1 0 0 0 1 1 0 0 1 1 0 0 0 0 1 1],"[0.108 0.183 0.275 0.292 0.166 0.475 0.216 0.133 0.175 0.241 0.358 0.083
 0.083 0.183 0.133 0.267 0.2   0.125 0.158 0.2   0.175 0.166]",0,sb_int-additive_comp-vsmean_gbatt-false_gbalt-true_lk-free_inh-gaze-dependent,0
2157,9,2,133,compromise,B,R,0,competitor,4380.0,0.78,0.65,0.52,12,14,32,2,1,0,False,False,False,[1 1 1 1 1 1 2 0 0 0 0 0 2 2 2 2 2 2 2 2],[1 1 0 0 1 1 1 1 1 0 0 1 1 1 0 0 1 1 0 0],"[0.15  0.267 0.208 0.283 0.125 0.2   0.15  0.108 0.183 0.2   0.183 0.2
 0.116 0.175 0.208 0.325 0.216 0.183 0.2   0.108]",2,sb_int-additive_comp-vsmean_gbatt-false_gbalt-true_lk-free_inh-gaze-dependent,0
2158,9,2,134,filler,,L,2,,6110.0,0.27,0.61,0.89,37,16,11,1,2,0,True,False,False,[0 1 1 1 1 1 1 1 1 1 0 0 0 0 0 0 0 0 2 2],[0 1 1 0 0 1 1 1 0 0 1 1 0 0 1 1 0 0 1 0],"[0.125 0.233 0.342 0.292 0.133 0.15  0.166 0.2   0.208 0.442 0.45  0.083
 0.225 0.316 0.108 0.725 0.183 0.15  0.3   0.342]",2,sb_int-additive_comp-vsmean_gbatt-false_gbalt-true_lk-free_inh-gaze-dependent,0
2159,9,2,135,compromise,A,R,0,target,8000.0,0.78,0.68,0.82,12,15,10,2,0,1,True,True,True,[2 1 1 2 0 0 2 2 0 0 2 0 0 0 0 1 1 1 0 2 2 2 2 2 0 0 0 0],[0 0 1 0 0 0 0 0 0 0 0 0 1 0 0 0 1 0 0 0 1 1 0 0 0 0 1 0],"[0.166    0.383    0.342    0.2      0.233    0.292    0.158    0.55
 0.241    0.267    0.291    0.558    0.383    0.258    0.292    0.325
 0.241    0.3      0.2      0.091    0.166    0.183    0.241    0.141
 0.083    0.1      0.3      0.053079]",2,sb_int-additive_comp-vsmean_gbatt-false_gbalt-true_lk-free_inh-gaze-dependent,0
2160,9,2,136,attraction,A,R,0,target,4320.0,0.72,0.62,0.7,12,15,11,2,1,0,False,True,True,[1 1 2 2 2 2 0 0 0 0 0 2 2 2 1 1 1 1 0],[0 0 0 1 1 0 1 1 0 1 1 0 1 1 0 0 1 1 1],"[0.25     0.158    0.191    0.242    0.191    0.216    0.283    0.083
 0.375    0.1      0.183    0.25     0.191    0.1      0.083    0.233
 0.083    0.266    0.158297]",0,sb_int-additive_comp-vsmean_gbatt-false_gbalt-true_lk-free_inh-gaze-dependent,0
2161,9,2,137,attraction,B,L,0,competitor,3560.0,0.78,0.65,0.63,12,15,14,0,1,2,True,False,False,[0 0 0 0 0 1 1 1 1 2 2 2 2 2 1 1 1 0],[0 1 1 0 0 1 1 0 0 0 0 0 1 1 1 1 0 0],"[0.191    0.241    0.083    0.216    0.108    0.191    0.116    0.2
 0.125    0.216    0.292    0.116    0.158    0.158    0.175    0.091
 0.208    0.211134]",0,sb_int-additive_comp-vsmean_gbatt-false_gbalt-true_lk-free_inh-gaze-dependent,0
2162,9,2,138,filler,,R,2,,5090.0,0.28,0.67,0.78,35,14,12,0,1,2,False,False,False,[1 2 2 1 2 2 1 0 0 1 2 2 1 2],[1 1 1 0 0 1 1 0 1 1 1 1 0 1],"[0.308    0.183    0.125    0.383    0.266    0.4      0.216    0.367
 0.475    0.35     0.158    0.116    0.266    0.233482]",2,sb_int-additive_comp-vsmean_gbatt-false_gbalt-true_lk-free_inh-gaze-dependent,0
2163,9,2,139,attraction,A,L,0,target,4210.0,0.72,0.65,0.7,11,14,10,0,1,2,False,True,False,[0 0 0 0 0 1 1 2 2 2 1 1 0 0 0 2 1 1 0],[1 1 1 0 0 0 0 1 0 0 1 0 1 0 0 0 0 0 1],"[0.116    0.158    0.108    0.191    0.15     0.216    0.258    0.208
 0.342    0.116    0.267    0.175    0.308    0.158    0.141    0.241
 0.125    0.166    0.086827]",0,sb_int-additive_comp-vsmean_gbatt-false_gbalt-true_lk-free_inh-gaze-dependent,0
2164,9,2,140,compromise,B,M,2,decoy,3570.0,0.72,0.62,0.55,12,14,33,2,0,1,False,False,False,[2 2 2 2 2 2 2 1 0 0],[1 0 0 0 1 1 0 0 0 1],"[0.375    0.216    0.475    0.166    0.083    0.433    0.525    0.241
 0.241    0.092906]",2,sb_int-additive_comp-vsmean_gbatt-false_gbalt-true_lk-free_inh-gaze-dependent,0
2165,9,2,141,compromise,B,M,0,competitor,4040.0,0.72,0.68,0.52,12,15,33,1,2,0,True,False,True,[0 2 2 2 2 0 0 0 1 1 1 1 0 0 0 0],[0 1 1 0 1 1 0 0 1 1 0 0 1 0 0 1],"[0.217    0.225    0.1      0.542    0.15     0.191    0.358    0.091
 0.191    0.166    0.175    0.233    0.158    0.183    0.225    0.043249]",0,sb_int-additive_comp-vsmean_gbatt-false_gbalt-true_lk-free_inh-gaze-dependent,0
2166,9,2,142,attraction,A,R,0,target,3110.0,0.75,0.65,0.73,12,14,11,2,1,0,False,True,False,[1 2 2 2 2 1 1 0 0 0 1 1 1],[0 1 1 0 0 1 1 0 1 0 0 0 1],"[0.175    0.25     0.083    0.258    0.158    0.1      0.125    0.25
 0.458    0.208    0.141    0.2      0.265195]",0,sb_int-additive_comp-vsmean_gbatt-false_gbalt-true_lk-free_inh-gaze-dependent,0
2167,9,2,143,compromise,A,R,0,target,6380.0,0.75,0.62,0.88,12,15,9,2,1,0,False,True,True,[1 2 2 2 2 2 0 0 0 1 2 2 2 1 1 1 2 2 2 1 0 0 0 1 1 1 1 0],[0 0 0 1 1 0 1 1 0 0 0 1 1 0 0 0 0 1 1 1 0 0 1 0 0 1 1 0],"[0.225    0.175    0.217    0.208    0.283    0.175    0.158    0.208
 0.367    0.133    0.183    0.267    0.242    0.083    0.166    0.2
 0.233    0.091    0.325    0.241    0.083    0.216    0.367    0.166
 0.158    0.133    0.116    0.167447]",2,sb_int-additive_comp-vsmean_gbatt-false_gbalt-true_lk-free_inh-gaze-dependent,0
2168,9,2,144,compromise,A,R,0,target,3620.0,0.72,0.65,0.82,12,15,9,2,0,1,False,False,True,[2 0 0 0 1 1 1 1 2 2 2 2 0 0 0 0],[0 1 0 0 1 1 0 0 1 0 0 1 0 0 1 1],"[0.15     0.283    0.25     0.15     0.233    0.225    0.083    0.233
 0.333    0.15     0.258    0.158    0.125    0.108    0.275    0.105027]",0,sb_int-additive_comp-vsmean_gbatt-false_gbalt-true_lk-free_inh-gaze-dependent,0
2169,9,2,145,compromise,B,R,2,decoy,5780.0,0.72,0.68,0.58,12,14,33,1,0,2,False,False,True,[1 1 1 1 1 1 1 1 0 0 0 1 0 2 2 2 2 2 2 2 2 2 2 2],[1 1 0 0 1 1 0 1 1 0 0 0 1 0 0 1 0 0 1 1 1 0 0 0],"[0.083    0.183    0.208    0.258    0.158    0.266    0.208    0.166
 0.383    0.15     0.2      0.2      0.183    0.216    0.175    0.367
 0.216    0.225    0.091    0.083    0.408    0.1      0.141    0.234893]",2,sb_int-additive_comp-vsmean_gbatt-false_gbalt-true_lk-free_inh-gaze-dependent,0
2170,9,2,146,attraction,B,M,1,target,7970.0,0.78,0.68,0.66,11,14,13,2,1,0,False,True,True,[1 2 2 2 2 2 2 0 0 1 1 1 2 2 2 2 2 1 1 0 0 1 2 2 2 2 1 1 0 1 1 1 1 0 0],[0 0 0 1 1 0 0 1 1 0 1 1 0 0 1 1 0 0 1 0 1 0 0 1 1 0 0 0 0 1 0 0 1 1 1],"[0.166    0.225    0.133    0.241    0.2      0.15     0.166    0.125
 0.25     0.25     0.25     0.225    0.15     0.158    0.133    0.291
 0.158    0.158    0.175    0.241    0.3      0.25     0.108    0.166
 0.141    0.225    0.166    0.191    0.133    0.233    0.1      0.367
 0.317    0.175    0.258409]",0,sb_int-additive_comp-vsmean_gbatt-false_gbalt-true_lk-free_inh-gaze-dependent,0
2171,9,2,147,attraction,B,L,0,competitor,4700.0,0.72,0.62,0.6,11,15,14,0,2,1,True,False,True,[2 0 0 0 0 0 2 2 1 1 1 1 2 0 0 0 2 2 1 2],[0 0 1 1 0 0 0 0 1 1 0 1 0 1 0 0 1 1 1 0],"[0.208 0.292 0.208 0.191 0.25  0.133 0.1   0.225 0.108 0.091 0.325 0.108
 0.125 0.2   0.233 0.225 0.2   0.141 0.308 0.183]",2,sb_int-additive_comp-vsmean_gbatt-false_gbalt-true_lk-free_inh-gaze-dependent,0
2172,9,2,148,compromise,B,L,2,decoy,2000.0,0.72,0.65,0.58,11,15,32,2,1,0,False,True,True,[2 2 2 2 2 2 2],[0 0 1 1 0 1 0],[0.166    0.275    0.191    0.2      0.375    0.408    0.057554],2,sb_int-additive_comp-vsmean_gbatt-false_gbalt-true_lk-free_inh-gaze-dependent,0
2173,9,2,149,compromise,A,R,0,target,5780.0,0.75,0.65,0.85,12,15,10,2,1,0,True,True,False,[1 2 2 0 0 0 1 1 2 1 2 0 0 0 0 1 1 2 1 1 0],[0 1 1 0 0 1 1 1 0 1 1 0 1 0 0 0 1 1 0 1 0],"[0.15     0.242    0.091    0.125    0.342    0.166    0.166    0.141
 0.342    0.175    0.358    0.225    0.375    0.158    0.133    0.191
 0.375    0.225    0.408    0.191    0.212429]",2,sb_int-additive_comp-vsmean_gbatt-false_gbalt-true_lk-free_inh-gaze-dependent,0
2174,9,2,150,filler,,M,2,,4830.0,0.32,0.48,0.85,31,20,11,0,2,1,True,True,True,[0 0 0 0 2 2 2 2 1 1 1 1 1 2 2 2 2],[0 0 1 0 0 1 0 0 0 1 0 0 0 0 0 0 0],"[0.425    0.15     0.417    0.233    0.191    0.367    0.166    0.133
 0.233    0.5      0.141    0.091    0.275    0.216    0.283    0.275
 0.051665]",2,sb_int-additive_comp-vsmean_gbatt-false_gbalt-true_lk-free_inh-gaze-dependent,0
2175,9,3,151,filler,,R,2,,7090.0,0.16,0.46,0.87,62,21,11,0,1,2,False,True,True,[1 0 0 1 0 0 0 0 0 0 0 0 0 0 0 1 1 1 1 1 1 2 2 2 2],[0 1 1 0 1 0 0 1 0 0 1 1 0 0 1 0 0 1 1 0 0 0 0 1 0],"[0.241    0.2      0.492    0.3      0.2      0.183    0.25     0.325
 0.191    0.15     0.133    0.125    0.283    0.8      0.258    0.2
 0.233    0.241    0.175    0.091    0.275    0.258    0.166    0.392
 0.182613]",2,sb_int-additive_comp-vsmean_gbatt-false_gbalt-true_lk-free_inh-gaze-dependent,0
2176,9,3,152,filler,,M,2,,4810.0,0.19,0.56,0.8,52,17,12,2,0,1,True,True,True,[2 1 1 1 1 1 1 2 2 2 0 0 0 2 2 2 2],[0 0 1 0 0 0 1 1 0 0 0 0 1 1 1 0 0],"[0.15     0.709    0.358    0.208    0.191    0.158    0.216    0.242
 0.125    0.333    0.225    0.216    0.425    0.108    0.2      0.225
 0.141971]",2,sb_int-additive_comp-vsmean_gbatt-false_gbalt-true_lk-free_inh-gaze-dependent,0
2177,9,3,153,compromise,B,M,2,decoy,5130.0,0.72,0.62,0.55,10,14,30,0,2,1,False,True,False,[2 2 1 2 2 2 2 2 2 0 0 0 0 0 2 1 1 1 1 2],[1 1 0 0 0 1 0 1 1 1 0 1 0 0 0 1 1 0 1 1],"[0.183    0.158    0.458    0.2      0.175    0.392    0.333    0.108
 0.183    0.241    0.358    0.233    0.175    0.158    0.191    0.125
 0.108    0.308    0.158    0.180926]",1,sb_int-additive_comp-vsmean_gbatt-false_gbalt-true_lk-free_inh-gaze-dependent,0
2178,9,3,154,compromise,A,R,0,target,2960.0,0.78,0.62,0.85,10,14,7,2,0,1,False,False,True,[2 1 2 2 2 0 0 0 0 1 1 1 1 0],[0 1 0 1 1 0 1 0 0 0 0 1 1 1],"[0.108    0.208    0.358    0.2      0.133    0.166    0.333    0.175
 0.083    0.175    0.15     0.183    0.133    0.184521]",1,sb_int-additive_comp-vsmean_gbatt-false_gbalt-true_lk-free_inh-gaze-dependent,0
2179,9,3,155,compromise,A,L,0,target,5710.0,0.75,0.62,0.88,10,15,7,0,1,2,False,True,True,[0 0 0 0 2 2 1 0 0 0 0 0 0 0 1 1 1 2 2 2 2 0 0 0 0],[1 1 0 0 0 0 0 1 1 0 0 1 1 0 1 0 0 1 1 0 0 1 1 0 0],"[0.15     0.25     0.242    0.108    0.233    0.158    0.233    0.475
 0.158    0.175    0.325    0.2      0.1      0.267    0.266    0.116
 0.233    0.3      0.083    0.175    0.133    0.166    0.141    0.192
 0.102624]",0,sb_int-additive_comp-vsmean_gbatt-false_gbalt-true_lk-free_inh-gaze-dependent,0
2180,9,3,156,compromise,A,L,0,target,15100.0,0.78,0.68,0.88,10,15,7,0,2,1,False,False,True,"[2 2 0 0 0 2 1 1 2 0 0 2 0 2 1 1 0 0 2 2 0 2 2 0 0 2 0 0 1 1 1 1 1 1 0 0 0
 2 1 1 2 2 2 0 0 1 1 1]","[0 0 1 1 1 0 1 1 0 1 1 0 1 0 1 1 1 1 0 0 1 0 0 1 0 1 0 1 1 1 1 0 0 0 0 1 1
 0 1 1 0 1 1 0 1 0 1 1]","[0.225 0.108 0.333 0.108 0.408 0.241 0.225 0.534 0.175 0.325 0.133 0.283
 0.567 0.3   0.267 0.483 0.133 0.725 0.108 0.258 0.725 0.175 0.4   0.308
 0.116 0.3   0.292 0.216 0.233 0.408 0.191 0.1   0.266 0.191 0.225 0.358
 0.675 0.191 0.183 0.083 0.242 0.183 0.15  0.233 0.191 0.266 0.15  0.108]",1,sb_int-additive_comp-vsmean_gbatt-false_gbalt-true_lk-free_inh-gaze-dependent,0
2181,9,3,157,filler,,M,2,,8840.0,0.29,0.42,0.72,34,23,13,2,0,1,True,False,False,[2 1 1 1 1 2 0 0 2 0 0 2 2 0 2 2 1 1 2 2 2 0 0 2 2 2 2 2 1 1 1 2],[1 1 1 0 0 0 0 0 1 0 0 1 1 0 1 1 0 1 1 0 0 1 0 1 1 0 1 1 0 1 1 1],"[0.1      0.091    0.183    0.166    0.216    0.216    0.183    0.283
 0.267    0.241    0.692    0.091    0.175    0.542    0.108    0.141
 0.508    0.3      0.233    0.108    0.108    0.442    0.417    0.141
 0.125    0.408    0.083    0.291    0.425    0.125    0.3      0.232429]",2,sb_int-additive_comp-vsmean_gbatt-false_gbalt-true_lk-free_inh-gaze-dependent,0
2182,9,3,158,compromise,B,L,2,decoy,4100.0,0.78,0.62,0.55,10,14,30,1,2,0,False,True,True,[0 1 1 1 1 0 0 0 0 2 2 2 2 2 2 2 2],[1 0 1 1 0 1 0 1 1 0 1 1 0 0 1 1 0],"[0.116    0.275    0.116    0.3      0.191    0.191    0.383    0.241
 0.125    0.325    0.367    0.091    0.2      0.166    0.191    0.133
 0.084141]",2,sb_int-additive_comp-vsmean_gbatt-false_gbalt-true_lk-free_inh-gaze-dependent,0
2183,9,3,159,attraction,B,M,1,target,8940.0,0.78,0.65,0.63,9,15,14,2,1,0,False,True,True,[1 0 1 1 2 2 2 2 1 1 0 0 0 1 2 2 2 2 2 2 1 1 1 1 1 0 0 0 1 1 2 2 1],[0 1 0 1 1 0 0 1 1 1 0 1 1 0 0 0 0 1 1 0 0 0 1 0 0 0 0 1 0 1 1 0 0],"[0.125    0.492    0.208    0.442    0.25     0.125    0.342    0.35
 0.108    0.15     0.375    0.266    0.55     0.308    0.1      0.1
 0.258    0.191    0.517    0.125    0.216    0.1      0.275    0.183
 0.125    0.175    0.15     0.25     0.325    0.208    0.2      0.275
 0.074676]",1,sb_int-additive_comp-vsmean_gbatt-false_gbalt-true_lk-free_inh-gaze-dependent,0
2184,9,3,160,compromise,A,R,0,target,3580.0,0.72,0.65,0.82,10,15,7,2,1,0,True,True,True,[1 2 2 2 2 2 2 1 1 2 1 1 0 0 0 0],[0 0 0 1 1 0 0 1 0 0 1 0 0 1 1 0],"[0.116    0.108    0.141    0.133    0.166    0.225    0.325    0.175
 0.141    0.208    0.25     0.333    0.233    0.091    0.258    0.124112]",0,sb_int-additive_comp-vsmean_gbatt-false_gbalt-true_lk-free_inh-gaze-dependent,0
2185,9,3,161,compromise,B,R,2,decoy,1840.0,0.72,0.68,0.58,10,14,30,0,1,2,False,False,True,[1 2 2 2 2 2 2],[1 0 0 1 1 0 0],[0.191    0.183    0.216    0.108    0.283    0.216    0.334435],2,sb_int-additive_comp-vsmean_gbatt-false_gbalt-true_lk-free_inh-gaze-dependent,0
2186,9,3,162,compromise,A,M,1,competitor,4520.0,0.78,0.68,0.88,9,15,8,0,1,2,False,False,False,[1 2 2 1 0 0 1 2 2 1 1 1 0 0 0 1 1],[1 1 0 0 0 1 1 1 0 0 1 1 1 0 0 0 1],"[0.15    0.258   0.2     0.192   0.141   0.225   0.191   0.233   0.317
 0.183   0.333   0.1     0.175   0.216   0.141   0.325   0.53953]",1,sb_int-additive_comp-vsmean_gbatt-false_gbalt-true_lk-free_inh-gaze-dependent,0
2187,9,3,163,attraction,A,M,0,target,4040.0,0.75,0.65,0.73,10,15,9,1,2,0,True,True,True,[0 0 1 1 0 0 0 2 2 0 0 1 1 1 1 0],[0 0 0 0 1 1 0 0 1 1 0 0 1 1 0 0],"[0.183    0.175    0.225    0.133    0.175    0.216    0.275    0.191
 0.417    0.25     0.291    0.233    0.208    0.175    0.166    0.264624]",1,sb_int-additive_comp-vsmean_gbatt-false_gbalt-true_lk-free_inh-gaze-dependent,0
2188,9,3,164,attraction,B,L,0,competitor,3140.0,0.75,0.62,0.6,9,15,14,0,2,1,False,True,True,[2 0 0 0 0 2 1 2 2 2 1 1 0 0],[0 1 0 0 1 0 0 1 1 0 1 0 1 1],"[0.2      0.25     0.191    0.191    0.116    0.375    0.166    0.1
 0.25     0.091    0.275    0.191    0.158    0.124329]",0,sb_int-additive_comp-vsmean_gbatt-false_gbalt-true_lk-free_inh-gaze-dependent,0
2189,9,3,165,attraction,B,M,0,competitor,4180.0,0.72,0.62,0.6,10,15,14,1,0,2,True,False,True,[0 2 2 0 1 1 1 1 0 0 0 2 2 2 0 0 0],[0 0 1 1 1 1 0 0 1 0 0 0 1 1 1 0 0],"[0.283    0.216    0.35     0.2      0.267    0.158    0.2      0.15
 0.225    0.183    0.133    0.325    0.116    0.133    0.258    0.191
 0.206416]",0,sb_int-additive_comp-vsmean_gbatt-false_gbalt-true_lk-free_inh-gaze-dependent,0
2190,9,3,166,filler,,R,2,,5300.0,0.32,0.6,0.78,31,16,12,0,1,2,True,True,False,[1 1 0 2 2 2 2 2 2 2 2 2 0 0 0 0 0 0 1 1 1 1 1 2],[0 0 0 1 1 0 0 1 1 0 0 1 0 0 1 1 0 0 0 1 1 0 0 1],"[0.191    0.141    0.192    0.216    0.225    0.15     0.375    0.15
 0.45     0.191    0.208    0.316    0.141    0.158    0.216    0.15
 0.225    0.141    0.216    0.166    0.108    0.183    0.133    0.080012]",2,sb_int-additive_comp-vsmean_gbatt-false_gbalt-true_lk-free_inh-gaze-dependent,0
2191,9,3,167,compromise,A,R,0,target,4110.0,0.75,0.68,0.88,9,15,8,2,0,1,False,False,True,[2 2 2 1 1 1 1 1 0 0 0 0 0 0 2 1 0],[0 1 1 1 1 1 0 1 1 1 0 0 1 1 0 1 1],"[0.266    0.166    0.267    0.1      0.116    0.083    0.233    0.325
 0.158    0.15     0.25     0.125    0.375    0.141    0.275    0.3
 0.108748]",0,sb_int-additive_comp-vsmean_gbatt-false_gbalt-true_lk-free_inh-gaze-dependent,0
2192,9,3,168,compromise,A,M,0,target,4100.0,0.78,0.65,0.82,10,14,7,1,0,2,False,True,False,[0 1 1 1 0 0 0 2 2 2 0 0 0 0 1 1 1 0],[1 0 1 1 0 1 1 1 0 0 0 0 1 1 0 1 1 0],"[0.141    0.225    0.166    0.2      0.3      0.175    0.166    0.258
 0.275    0.283    0.158    0.158    0.183    0.125    0.241    0.191
 0.217    0.093955]",0,sb_int-additive_comp-vsmean_gbatt-false_gbalt-true_lk-free_inh-gaze-dependent,0
2193,9,3,169,compromise,B,R,2,decoy,1860.0,0.72,0.62,0.58,9,14,30,0,1,2,False,True,True,[1 2 2 2 2 2 2],[0 0 1 1 1 0 0],[0.141    0.292    0.125    0.208    0.125    0.217    0.409392],2,sb_int-additive_comp-vsmean_gbatt-false_gbalt-true_lk-free_inh-gaze-dependent,0
2194,9,3,170,filler,,M,2,,5060.0,0.27,0.61,0.89,37,16,11,0,2,1,True,True,True,[1 2 0 0 0 0 2 2 1 1 1 1 2 2 0 0 0 2],[0 0 0 1 1 0 0 0 0 0 1 1 1 0 0 1 1 1],"[0.325    0.133    0.283    0.25     0.158    0.358    0.25     0.242
 0.275    0.258    0.166    0.175    0.333    0.367    0.3      0.083
 0.375    0.103116]",2,sb_int-additive_comp-vsmean_gbatt-false_gbalt-true_lk-free_inh-gaze-dependent,0
2195,9,3,171,filler,,L,2,,12240.0,0.19,0.59,0.81,52,16,12,1,2,0,True,True,False,"[0 1 1 1 0 2 2 0 0 2 0 0 1 1 1 1 1 1 0 0 0 2 2 2 0 0 1 1 1 1 1 1 1 0 0 0 0
 0 0 0 2 2 2]","[0 0 1 1 1 1 1 1 1 0 1 1 1 0 0 0 1 1 1 0 0 1 0 0 1 0 1 0 0 1 0 0 0 0 1 1 1
 1 0 0 1 1 0]","[0.15     0.241    0.1      0.125    0.2      0.216    0.15     0.208
 0.333    0.459    0.325    0.133    0.35     0.141    0.342    0.166
 0.191    0.316    0.667    0.108    0.2      0.392    0.108    0.283
 0.358    0.2      0.383    0.166    0.3      0.4      0.317    0.166
 0.208    0.283    0.191    0.216    0.292    0.333    0.166    0.183
 0.225    0.275    0.499697]",2,sb_int-additive_comp-vsmean_gbatt-false_gbalt-true_lk-free_inh-gaze-dependent,0
2196,9,3,172,filler,,L,2,,3720.0,0.32,0.48,0.85,31,20,11,1,2,0,True,False,False,[0 0 2 2 2 2 0 0 1 1 1 1 2 2],[0 0 1 0 0 1 0 1 1 1 0 0 1 0],"[0.216    0.1      0.417    0.225    0.166    0.2      0.392    0.158
 0.208    0.15     0.1      0.458    0.191    0.088397]",2,sb_int-additive_comp-vsmean_gbatt-false_gbalt-true_lk-free_inh-gaze-dependent,0
2197,9,3,173,attraction,A,R,0,target,6070.0,0.75,0.65,0.73,10,14,9,2,1,0,True,False,True,[1 0 0 0 1 2 2 2 0 0 0 0 0 0 0 1 1 1 1 2 2 2 0 0],[1 0 1 0 1 1 0 0 0 0 1 1 0 0 0 0 0 1 1 0 1 0 0 0],"[0.35     0.2      0.375    0.291    0.175    0.292    0.108    0.233
 0.208    0.317    0.108    0.7      0.1      0.083    0.108    0.091
 0.233    0.108    0.175    0.216    0.233    0.308    0.183    0.099409]",0,sb_int-additive_comp-vsmean_gbatt-false_gbalt-true_lk-free_inh-gaze-dependent,0
2198,9,3,174,filler,,L,2,,5880.0,0.28,0.67,0.78,35,14,12,2,1,0,True,True,True,[2 1 1 0 0 1 0 0 0 0 0 1 1 1 2 2 2 2 2],[0 0 1 0 0 0 1 1 0 0 1 1 0 0 1 1 0 0 1],"[0.316    0.225    0.208    0.291    0.275    0.15     0.091    0.166
 0.258    0.217    0.3      0.375    0.225    0.216    0.108    0.25
 0.35     0.475    0.354395]",2,sb_int-additive_comp-vsmean_gbatt-false_gbalt-true_lk-free_inh-gaze-dependent,0
2199,9,3,175,attraction,B,R,0,competitor,2990.0,0.78,0.65,0.63,10,15,14,2,0,1,False,False,True,[1 1 1 1 1 2 2 2 0 0 0 0 0],[1 0 0 1 1 0 1 1 1 1 0 1 1],"[0.241    0.2      0.15     0.158    0.133    0.3      0.208    0.116
 0.175    0.108    0.358    0.308    0.115854]",0,sb_int-additive_comp-vsmean_gbatt-false_gbalt-true_lk-free_inh-gaze-dependent,0
2200,9,3,176,attraction,B,M,0,competitor,3880.0,0.75,0.65,0.63,9,14,13,1,0,2,True,True,False,[1 1 1 1 0 2 2 0 0 0 1 1 0],[0 1 0 0 0 1 0 1 0 0 0 1 1],"[0.2      0.358    0.175    0.208    0.191    0.308    0.083    0.25
 0.216    0.241    0.208    0.492    0.281804]",0,sb_int-additive_comp-vsmean_gbatt-false_gbalt-true_lk-free_inh-gaze-dependent,0
2201,9,3,177,filler,,M,2,,4960.0,0.24,0.37,0.76,41,27,13,0,2,1,False,False,False,[2 1 0 0 0 0 2 2 1 1 1 1 2 2 2 2 0 0 2],[1 1 1 0 0 0 0 0 0 0 1 1 1 0 1 1 1 0 0],"[0.166 0.241 0.475 0.175 0.175 0.116 0.266 0.116 0.225 0.191 0.2   0.183
 0.316 0.417 0.158 0.225 0.283 0.125 0.175]",2,sb_int-additive_comp-vsmean_gbatt-false_gbalt-true_lk-free_inh-gaze-dependent,0
2202,9,3,178,compromise,B,M,0,competitor,4040.0,0.75,0.62,0.58,9,15,29,1,2,0,True,True,False,[0 0 0 1 1 1 1 2 2 2 0 0 0 0],[0 1 1 1 0 0 1 0 0 1 0 1 1 0],"[0.392    0.183    0.183    0.158    0.283    0.083    0.175    0.167
 0.208    0.742    0.35     0.35     0.116    0.156249]",0,sb_int-additive_comp-vsmean_gbatt-false_gbalt-true_lk-free_inh-gaze-dependent,0
2203,9,3,179,attraction,B,L,0,competitor,2760.0,0.78,0.62,0.6,9,14,13,0,1,2,False,True,True,[2 1 0 0 0 1 1 2 2 2 1 0],[0 0 1 0 0 1 0 1 1 0 0 1],"[0.158    0.208    0.283    0.241    0.15     0.208    0.216    0.15
 0.141    0.158    0.1      0.170065]",0,sb_int-additive_comp-vsmean_gbatt-false_gbalt-true_lk-free_inh-gaze-dependent,0
2204,9,3,180,attraction,B,L,1,target,3880.0,0.72,0.68,0.66,10,14,13,2,0,1,False,True,True,[2 2 1 2 0 0 0 0 0 2 1 1 1 0 1 1],[0 0 0 0 1 1 0 1 0 1 1 0 0 1 0 1],"[0.158    0.108    0.241    0.225    0.241    0.133    0.35     0.342
 0.15     0.166    0.358    0.241    0.191    0.183    0.141    0.043907]",1,sb_int-additive_comp-vsmean_gbatt-false_gbalt-true_lk-free_inh-gaze-dependent,0
2205,9,3,181,attraction,B,R,0,competitor,3050.0,0.78,0.62,0.6,10,15,14,2,0,1,False,False,True,[1 1 1 2 2 0 0 0 2 0 0 0 0],[1 0 1 1 1 0 0 1 0 0 0 1 1],"[0.158   0.35    0.208   0.183   0.183   0.108   0.083   0.3     0.275
 0.275   0.2     0.1     0.13234]",0,sb_int-additive_comp-vsmean_gbatt-false_gbalt-true_lk-free_inh-gaze-dependent,0
2206,9,3,182,attraction,A,L,0,target,3810.0,0.72,0.65,0.7,9,15,8,0,2,1,False,True,False,[2 0 0 0 2 1 2 0 0 1 1 1 1 0 0],[1 1 0 1 0 1 1 0 1 1 1 0 0 1 1],"[0.166    0.15     0.333    0.283    0.342    0.1      0.342    0.3
 0.15     0.208    0.158    0.183    0.158    0.15     0.108071]",0,sb_int-additive_comp-vsmean_gbatt-false_gbalt-true_lk-free_inh-gaze-dependent,0
2207,9,3,183,attraction,B,M,0,competitor,6520.0,0.72,0.62,0.6,10,14,13,1,0,2,True,False,True,[0 1 2 2 0 2 2 0 0 1 1 1 0 0 0 2 2 2 2 2 2 1 1 1 1 0 0],[0 1 0 0 0 1 1 1 0 0 1 1 0 1 1 0 0 0 1 0 0 1 1 0 0 1 0],"[0.175    0.25     0.308    0.083    0.208    0.216    0.191    0.275
 0.283    0.283    0.242    0.208    0.291    0.233    0.133    0.1
 0.133    0.25     0.358    0.1      0.267    0.091    0.141    0.15
 0.141    0.183    0.176941]",0,sb_int-additive_comp-vsmean_gbatt-false_gbalt-true_lk-free_inh-gaze-dependent,0
2208,9,3,184,filler,,M,2,,3350.0,0.27,0.47,0.86,37,21,11,0,2,1,True,False,True,[0 0 0 2 2 2 2 1 1 1 1 2],[0 0 1 0 0 1 1 1 1 1 0 0],"[0.116    0.567    0.367    0.267    0.241    0.183    0.108    0.15
 0.175    0.091    0.25     0.171648]",2,sb_int-additive_comp-vsmean_gbatt-false_gbalt-true_lk-free_inh-gaze-dependent,0
2209,9,3,185,attraction,B,M,0,competitor,2600.0,0.72,0.62,0.6,10,15,14,1,0,2,False,True,False,[0 1 1 1 1 0 0 0 2 2 1],[1 0 0 1 1 0 1 1 1 0 1],"[0.141    0.166    0.175    0.141    0.175    0.292    0.175    0.15
 0.2      0.283    0.125593]",1,sb_int-additive_comp-vsmean_gbatt-false_gbalt-true_lk-free_inh-gaze-dependent,0
2210,9,3,186,attraction,B,M,0,competitor,4780.0,0.72,0.65,0.63,10,14,13,1,2,0,True,False,False,[2 2 2 2 1 1 1 1 1 1 1 1 0 0 0 0 0 2 2],[1 1 0 0 1 1 1 0 1 0 1 1 0 1 1 0 0 1 0],"[0.108    0.208    0.175    0.091    0.183    0.208    0.175    0.517
 0.433    0.458    0.116    0.116    0.166    0.258    0.233    0.175
 0.125    0.183    0.108309]",0,sb_int-additive_comp-vsmean_gbatt-false_gbalt-true_lk-free_inh-gaze-dependent,0
2211,9,3,187,attraction,A,R,0,target,3650.0,0.75,0.65,0.73,9,15,8,2,1,0,True,False,False,[2 2 1 1 1 0 0 0 2 2 1 0 1 0],[1 0 1 1 0 0 0 1 1 1 1 0 0 0],"[0.242    0.25     0.125    0.283    0.15     0.116    0.1      0.383
 0.125    0.333    0.125    0.166    0.225    0.095896]",0,sb_int-additive_comp-vsmean_gbatt-false_gbalt-true_lk-free_inh-gaze-dependent,0
2212,9,3,188,attraction,B,M,0,competitor,4520.0,0.78,0.62,0.6,9,15,14,1,0,2,True,False,False,[0 0 1 1 0 0 2 2 0 0 1 1 1 1 0 0 0],[0 0 1 1 1 0 1 0 1 0 1 0 0 1 0 0 1],"[0.108    0.1      0.2      0.216    0.2      0.316    0.275    0.208
 0.283    0.233    0.233    0.283    0.083    0.275    0.141    0.4
 0.158266]",0,sb_int-additive_comp-vsmean_gbatt-false_gbalt-true_lk-free_inh-gaze-dependent,0
2213,9,3,189,attraction,B,L,1,target,3980.0,0.78,0.68,0.66,9,14,13,2,0,1,False,True,False,[1 1 1 1 1 2 2 0 0 0 0 0 2 1 1 2 1 1 1],[0 0 0 1 1 1 1 1 1 0 0 1 0 1 0 1 1 0 0],"[0.133 0.225 0.108 0.116 0.158 0.083 0.242 0.233 0.1   0.141 0.116 0.216
 0.191 0.191 0.25  0.25  0.241 0.166 0.158]",1,sb_int-additive_comp-vsmean_gbatt-false_gbalt-true_lk-free_inh-gaze-dependent,0
2214,9,3,190,compromise,A,L,0,target,3760.0,0.78,0.62,0.85,9,15,7,0,1,2,True,False,False,[1 0 0 0 0 0 1 2 2 2 0 0 0 0 0 0],[1 0 1 1 0 0 1 1 0 0 1 1 0 0 1 0],"[0.1      0.292    0.258    0.108    0.25     0.116    0.342    0.367
 0.225    0.141    0.175    0.158    0.083    0.308    0.233    0.042689]",0,sb_int-additive_comp-vsmean_gbatt-false_gbalt-true_lk-free_inh-gaze-dependent,0
2215,9,3,191,attraction,A,M,0,target,3850.0,0.72,0.65,0.7,9,15,8,1,2,0,False,False,False,[2 2 2 0 0 2 1 1 1 1 1 0 1 1 0 0 0],[1 0 0 1 0 0 1 1 1 0 0 0 1 1 1 0 0],"[0.225    0.208    0.083    0.225    0.292    0.133    0.158    0.1
 0.091    0.316    0.083    0.158    0.175    0.091    0.283    0.258
 0.095153]",0,sb_int-additive_comp-vsmean_gbatt-false_gbalt-true_lk-free_inh-gaze-dependent,0
2216,9,3,192,attraction,A,R,0,target,4180.0,0.72,0.68,0.7,9,14,8,2,1,0,True,True,False,[1 0 0 0 1 1 2 2 2 2 0 0 0 0 1 0 0],[0 0 1 1 1 0 1 0 0 1 0 1 1 0 0 0 0],"[0.091    0.25     0.175    0.15     0.175    0.25     0.183    0.141
 0.158    0.525    0.125    0.216    0.141    0.166    0.4      0.267
 0.158868]",0,sb_int-additive_comp-vsmean_gbatt-false_gbalt-true_lk-free_inh-gaze-dependent,0
2217,9,3,193,attraction,A,L,0,target,4360.0,0.72,0.62,0.7,10,15,9,0,2,1,False,False,False,[2 1 1 2 0 0 0 0 1 1 1 1 2 2 2 0 0 0 0],[1 1 0 0 1 1 0 0 0 1 0 0 0 1 1 1 1 0 0],"[0.267    0.367    0.225    0.141    0.141    0.225    0.183    0.158
 0.275    0.392    0.233    0.158    0.233    0.166    0.091    0.2
 0.108    0.116    0.035349]",0,sb_int-additive_comp-vsmean_gbatt-false_gbalt-true_lk-free_inh-gaze-dependent,0
2218,9,3,194,attraction,B,R,0,competitor,4100.0,0.78,0.65,0.63,10,15,14,2,0,1,False,True,True,[0 0 1 1 1 1 2 2 2 0 0 1 1 1 0],[1 1 0 1 1 0 1 1 0 0 1 0 0 1 1],"[0.141    0.141    0.325    0.241    0.317    0.208    0.217    0.116
 0.325    0.358    0.233    0.233    0.116    0.225    0.127432]",0,sb_int-additive_comp-vsmean_gbatt-false_gbalt-true_lk-free_inh-gaze-dependent,0
2219,9,3,195,compromise,B,M,2,decoy,2430.0,0.72,0.68,0.58,9,15,30,0,2,1,True,False,False,[2 0 0 0 2 1 2 2 2 2],[1 0 1 1 1 1 0 0 1 1],"[0.133    0.241    0.158    0.225    0.35     0.2      0.175    0.2
 0.208    0.285238]",2,sb_int-additive_comp-vsmean_gbatt-false_gbalt-true_lk-free_inh-gaze-dependent,0
2220,9,3,196,compromise,B,R,1,target,5620.0,0.75,0.68,0.55,9,14,29,0,2,1,True,True,True,[2 1 0 0 0 2 2 2 2 2 0 0 0 0 1 1 1 1 0 0 1 1 1],[0 0 0 1 1 1 1 0 0 1 1 1 0 0 0 0 1 0 0 0 1 1 0],"[0.3      0.125    0.25     0.2      0.108    0.283    0.141    0.225
 0.45     0.241    0.2      0.291    0.083    0.308    0.15     0.183
 0.15     0.392    0.125    0.125    0.141    0.108    0.178483]",1,sb_int-additive_comp-vsmean_gbatt-false_gbalt-true_lk-free_inh-gaze-dependent,0
2221,9,3,197,compromise,B,M,0,competitor,4810.0,0.78,0.65,0.52,10,14,29,1,2,0,True,True,True,[0 2 1 1 1 1 1 0 2 2 2 2 0 0 0 0 1 0 0 0],[0 0 0 0 1 1 0 0 0 1 0 0 1 1 0 0 0 1 1 0],"[0.158    0.225    0.2      0.166    0.2      0.325    0.258    0.175
 0.25     0.383    0.233    0.141    0.15     0.192    0.233    0.183
 0.216    0.15     0.291    0.057715]",0,sb_int-additive_comp-vsmean_gbatt-false_gbalt-true_lk-free_inh-gaze-dependent,0
2222,9,3,198,compromise,A,R,0,target,4070.0000000000014,0.75,0.65,0.85,10,15,8,2,1,0,True,False,True,[1 2 2 2 2 1 0 0 0 0 0 2 2 2 0 0],[1 0 1 0 0 1 0 0 1 1 0 0 1 1 1 0],"[0.2      0.191    0.609    0.175    0.2      0.425    0.175    0.125
 0.141    0.133    0.208    0.333    0.133    0.133    0.25     0.044673]",2,sb_int-additive_comp-vsmean_gbatt-false_gbalt-true_lk-free_inh-gaze-dependent,0
2223,9,3,199,compromise,A,R,0,target,8670.0,0.72,0.68,0.82,10,15,7,2,1,0,True,False,False,[1 2 1 0 0 0 0 1 1 1 2 2 2 2 2 1 1 1 1 1 2 2 2 2 1 1 0 0 0 0 0],[1 1 1 0 1 1 0 1 0 0 1 1 0 0 1 0 0 0 1 1 1 0 1 1 0 0 1 0 1 1 0],"[0.15     0.233    0.241    0.392    0.1      0.208    0.358    0.408
 0.233    0.108    0.166    0.918    0.258    0.233    0.3      0.166
 0.091    0.175    0.108    0.442    0.2      0.317    0.308    0.091
 0.175    0.175    0.141    0.225    0.108    0.166    0.202457]",0,sb_int-additive_comp-vsmean_gbatt-false_gbalt-true_lk-free_inh-gaze-dependent,0
2224,9,3,200,attraction,A,R,0,target,3810.0,0.75,0.65,0.73,10,15,9,2,0,1,False,True,False,[2 1 1 1 1 1 1 2 2 2 2 2 2 0 0 0 0 0],[1 0 0 1 1 0 1 0 0 1 1 0 0 1 1 0 0 1],"[0.166    0.116    0.183    0.183    0.317    0.35     0.15     0.1
 0.125    0.108    0.275    0.241    0.091    0.233    0.141    0.183
 0.133    0.381796]",0,sb_int-additive_comp-vsmean_gbatt-false_gbalt-true_lk-free_inh-gaze-dependent,0
2225,9,3,201,attraction,A,M,0,target,2860.0,0.78,0.62,0.76,9,15,8,1,0,2,False,False,False,[0 2 0 0 2 2 0 1 1 1 1 0],[1 1 1 0 0 1 1 1 1 0 0 1],"[0.083    0.216    0.183    0.333    0.25     0.175    0.191    0.183
 0.116    0.158    0.175    0.245238]",0,sb_int-additive_comp-vsmean_gbatt-false_gbalt-true_lk-free_inh-gaze-dependent,0
2226,9,3,202,compromise,A,R,1,competitor,6170.0,0.78,0.68,0.82,10,15,8,1,2,0,True,True,True,[0 2 2 0 1 1 1 2 2 2 1 1 1 1 1 1 2 2 2 2 0 0 0 0 1 1],[0 0 1 1 1 0 0 0 1 1 1 1 0 0 1 1 1 1 0 0 0 0 1 1 1 0],"[0.133    0.183    0.225    0.241    0.183    0.241    0.15     0.308
 0.242    0.208    0.116    0.175    0.383    0.191    0.183    0.116
 0.166    0.183    0.241    0.125    0.125    0.091    0.1      0.125
 0.267    0.371366]",0,sb_int-additive_comp-vsmean_gbatt-false_gbalt-true_lk-free_inh-gaze-dependent,0
2227,9,3,203,attraction,A,R,0,target,5040.0,0.72,0.65,0.7,9,14,8,2,1,0,True,True,True,[1 0 0 0 1 2 2 1 1 1 1 1 1 1 1 1 0 2 2 2 0],[0 0 1 0 0 0 0 0 1 1 0 0 1 1 0 0 0 1 1 1 0],"[0.116    0.267    0.392    0.325    0.325    0.258    0.166    0.133
 0.166    0.083    0.1      0.35     0.141    0.208    0.083    0.283
 0.191    0.083    0.091    0.116    0.128469]",0,sb_int-additive_comp-vsmean_gbatt-false_gbalt-true_lk-free_inh-gaze-dependent,0
2228,9,3,204,compromise,B,L,1,target,4420.0,0.72,0.68,0.52,10,15,30,1,0,2,False,True,True,[0 1 1 1 1 0 0 0 2 2 2 1 1 1 1],[1 0 0 1 1 1 1 0 1 0 1 0 0 1 1],"[0.166    0.292    0.375    0.216    0.258    0.166    0.091    0.333
 0.291    0.425    0.625    0.125    0.208    0.208    0.041562]",1,sb_int-additive_comp-vsmean_gbatt-false_gbalt-true_lk-free_inh-gaze-dependent,0
2229,9,3,205,attraction,A,R,1,competitor,5240.0,0.75,0.68,0.73,9,14,8,1,2,0,False,True,True,[0 2 2 2 1 1 1 1 1 0 0 0 0 2 1 1 1 0 1 0 2],[1 0 0 1 0 0 1 1 0 1 1 0 1 0 0 1 1 0 0 1 0],"[0.141    0.167    0.133    0.233    0.216    0.175    0.141    0.208
 0.191    0.166    0.158    0.258    0.317    0.216    0.242    0.133
 0.283    0.233    0.408    0.208    0.065419]",0,sb_int-additive_comp-vsmean_gbatt-false_gbalt-true_lk-free_inh-gaze-dependent,0
2230,9,3,206,compromise,A,M,1,competitor,4160.0,0.78,0.68,0.85,9,15,7,0,1,2,True,True,True,[1 2 0 0 0 0 1 1 1 1 0 0 0 2 2 1 1 1],[0 0 0 0 1 1 1 1 0 0 0 0 1 1 0 0 1 1],"[0.216   0.166   0.158   0.175   0.2     0.233   0.283   0.175   0.183
 0.241   0.125   0.216   0.158   0.225   0.367   0.208   0.208   0.06899]",1,sb_int-additive_comp-vsmean_gbatt-false_gbalt-true_lk-free_inh-gaze-dependent,0
2231,9,3,207,compromise,A,R,0,target,5770.0,0.75,0.62,0.88,9,15,8,2,0,1,False,True,False,[2 2 2 1 1 0 0 0 0 1 1 1 1 2 2 0 1 2 2 0 0],[1 0 0 1 0 1 0 0 1 0 0 1 1 0 1 1 0 1 0 0 1],"[0.2      0.2      0.275    0.35     0.266    0.258    0.1      0.183
 0.308    0.233    0.116    0.208    0.258    0.183    0.266    0.192
 0.233    0.283    0.375    0.15     0.245752]",2,sb_int-additive_comp-vsmean_gbatt-false_gbalt-true_lk-free_inh-gaze-dependent,0
2232,9,3,208,attraction,A,L,0,target,4580.0,0.75,0.65,0.73,10,14,9,0,2,1,True,True,False,[2 0 0 0 0 2 2 2 2 1 1 1 0 0 0 1],[1 0 1 1 0 1 0 0 1 0 1 1 0 0 1 0],"[0.233 0.358 0.183 0.266 0.434 0.191 0.116 0.308 0.225 0.208 0.1   0.267
 0.2   0.158 0.175 0.166]",0,sb_int-additive_comp-vsmean_gbatt-false_gbalt-true_lk-free_inh-gaze-dependent,0
2233,9,3,209,compromise,B,M,2,decoy,2700.0,0.72,0.68,0.55,9,14,30,0,2,1,True,False,False,[2 1 1 1 2 2 2 2 2 2 0 0 0],[1 1 0 0 0 0 1 1 0 0 0 0 1],"[0.175    0.275    0.125    0.141    0.083    0.183    0.158    0.2
 0.133    0.091    0.2      0.141    0.187536]",2,sb_int-additive_comp-vsmean_gbatt-false_gbalt-true_lk-free_inh-gaze-dependent,0
2234,9,3,210,attraction,A,M,0,target,8340.0,0.78,0.68,0.76,10,15,9,1,2,0,False,True,True,[0 2 1 1 1 1 1 1 1 1 1 1 1 0 2 1 1 0 0 1 1 0 0 2 2 2 0 2 0],[1 0 0 1 1 1 1 0 0 1 1 1 0 1 0 1 1 0 1 0 1 1 0 1 0 0 1 0 1],"[0.158   0.191   0.358   0.367   0.275   0.183   0.417   0.392   0.133
 0.233   0.267   0.166   0.408   0.2     0.267   0.2     0.158   0.4
 0.1     0.233   0.241   0.275   0.375   0.241   0.133   0.083   0.217
 0.158   0.11382]",0,sb_int-additive_comp-vsmean_gbatt-false_gbalt-true_lk-free_inh-gaze-dependent,0
2235,9,3,211,attraction,B,L,0,competitor,5170.0,0.72,0.62,0.6,9,15,14,0,2,1,True,True,True,[0 0 0 2 1 2 2 0 0 2 1 1 1 1 2 1 0 0],[0 1 1 1 1 0 0 1 0 0 0 0 1 1 1 0 1 0],"[0.233    0.208    0.091    0.325    0.492    0.116    0.133    0.208
 0.375    0.3      0.25     0.133    0.083    0.183    0.45     0.166
 0.158    0.217902]",0,sb_int-additive_comp-vsmean_gbatt-false_gbalt-true_lk-free_inh-gaze-dependent,0
2236,9,3,212,compromise,B,M,0,competitor,4030.0000000000014,0.72,0.65,0.52,10,15,29,1,2,0,True,False,False,[0 1 2 2 2 2 0 0 0 0 1 1 1 0 1 0],[0 1 1 1 0 0 1 0 1 1 0 1 1 0 0 0],"[0.108    0.225    0.125    0.25     0.191    0.233    0.233    0.333
 0.225    0.133    0.275    0.166    0.183    0.183    0.35     0.275017]",0,sb_int-additive_comp-vsmean_gbatt-false_gbalt-true_lk-free_inh-gaze-dependent,0
2237,9,3,213,compromise,B,R,0,competitor,5090.0,0.75,0.65,0.55,10,14,29,2,1,0,False,False,False,[1 0 0 0 1 1 2 2 2 1 1 1 0 0 1 0 0],[1 1 0 0 0 1 1 0 0 1 0 0 0 1 1 0 0],"[0.141    0.166    0.175    0.216    0.2      0.342    0.45     0.183
 0.292    0.392    0.15     0.158    0.208    0.35     0.225    0.2
 0.122243]",0,sb_int-additive_comp-vsmean_gbatt-false_gbalt-true_lk-free_inh-gaze-dependent,0
2238,9,3,214,filler,,L,2,,9310.0,0.31,0.38,0.85,32,26,11,1,2,0,True,True,True,[0 2 1 1 1 1 1 0 0 2 2 2 1 2 2 2 2 2 0 1 2 2 2 2 0 1 1 0 0 0 1 1 1 2],[0 0 0 0 1 1 0 0 0 0 1 1 1 1 1 0 0 1 1 1 0 0 1 0 0 0 0 1 1 0 0 1 0 0],"[0.125    0.367    0.242    0.675    0.125    0.241    0.241    0.116
 0.3      0.267    0.191    0.183    0.425    0.166    0.141    0.275
 0.158    0.383    0.183    0.183    0.125    0.317    0.35     0.216
 0.133    0.191    0.191    0.191    0.158    0.141    0.283    0.225
 0.125    0.285765]",2,sb_int-additive_comp-vsmean_gbatt-false_gbalt-true_lk-free_inh-gaze-dependent,0
2239,9,3,215,compromise,A,R,1,competitor,4770.0,0.72,0.68,0.82,10,15,7,1,2,0,True,False,False,[0 1 2 2 2 0 1 1 1 0 0 0 1 0 0 1 1 1 1],[0 1 1 0 0 1 0 1 1 0 1 1 1 0 0 0 0 1 1],"[0.216    0.158    0.392    0.208    0.133    0.233    0.342    0.241
 0.116    0.275    0.216    0.442    0.275    0.15     0.2      0.116
 0.191    0.091    0.080018]",1,sb_int-additive_comp-vsmean_gbatt-false_gbalt-true_lk-free_inh-gaze-dependent,0
2240,9,3,216,attraction,B,R,1,target,3700.0,0.75,0.68,0.66,9,14,13,0,2,1,False,True,True,[2 1 1 1 1 1 2 2 0 0 0 0 1 1],[0 0 0 1 0 0 0 1 0 1 0 0 0 0],"[0.125    0.158    0.141    0.35     0.125    0.342    0.25     0.533
 0.308    0.308    0.15     0.091    0.158    0.049227]",1,sb_int-additive_comp-vsmean_gbatt-false_gbalt-true_lk-free_inh-gaze-dependent,0
2241,9,3,217,attraction,A,L,0,target,2920.0,0.72,0.65,0.7,10,15,9,0,2,1,False,False,False,[2 2 0 1 1 1 2 2 0 0 0 2 0],[1 1 1 1 1 0 0 1 1 0 0 0 1],"[0.216    0.183    0.175    0.125    0.25     0.4      0.258    0.216
 0.183    0.175    0.116    0.2      0.046051]",0,sb_int-additive_comp-vsmean_gbatt-false_gbalt-true_lk-free_inh-gaze-dependent,0
2242,9,3,218,compromise,B,R,2,decoy,1540.0,0.75,0.62,0.58,10,14,30,1,0,2,True,True,False,[1 2 2 2 2],[0 1 0 1 1],[0.191    0.308    0.233    0.208    0.139974],2,sb_int-additive_comp-vsmean_gbatt-false_gbalt-true_lk-free_inh-gaze-dependent,0
2243,9,3,219,compromise,A,M,0,target,3790.0,0.75,0.65,0.82,10,15,7,1,0,2,True,True,True,[2 1 1 1 0 0 2 2 2 0 0 0 0 1 1 1 0],[0 0 0 1 1 1 1 0 0 0 0 1 0 0 1 1 1],"[0.2      0.208    0.091    0.35     0.083    0.208    0.342    0.141
 0.1      0.083    0.183    0.392    0.158    0.317    0.091    0.141
 0.032312]",0,sb_int-additive_comp-vsmean_gbatt-false_gbalt-true_lk-free_inh-gaze-dependent,0
2244,9,3,220,attraction,A,L,1,competitor,3600.0,0.78,0.68,0.76,9,15,8,1,0,2,True,True,True,[0 1 1 1 1 0 0 2 2 1 1],[0 0 1 0 0 1 0 0 1 0 1],"[0.158    0.175    0.383    0.116    0.225    0.517    0.383    0.183
 0.216    0.275    0.325384]",1,sb_int-additive_comp-vsmean_gbatt-false_gbalt-true_lk-free_inh-gaze-dependent,0
2245,9,3,221,compromise,A,R,0,target,4910.0,0.78,0.65,0.82,10,14,8,2,0,1,False,False,False,[2 2 2 0 0 0 0 0 2 2 2 2 1 1 1 0],[1 0 0 0 1 1 0 1 1 1 0 0 0 1 0 1],"[0.567    0.167    0.166    0.216    0.175    0.617    0.792    0.1
 0.166    0.208    0.225    0.116    0.292    0.35     0.158    0.129358]",0,sb_int-additive_comp-vsmean_gbatt-false_gbalt-true_lk-free_inh-gaze-dependent,0
2246,9,3,222,compromise,B,L,2,decoy,2200.0,0.72,0.62,0.55,10,14,30,1,2,0,True,False,False,[1 0 2 2 2 2 2 2],[1 0 1 0 0 1 0 0],[0.233    0.317    0.258    0.208    0.175    0.266    0.15     0.073923],2,sb_int-additive_comp-vsmean_gbatt-false_gbalt-true_lk-free_inh-gaze-dependent,0
2247,9,3,223,compromise,B,L,2,decoy,3340.0,0.72,0.65,0.55,9,15,30,2,1,0,True,True,False,[0 0 1 2 2 2 2 2 2 1 1 0 0 0 0 1],[0 0 1 0 0 1 1 0 0 1 0 0 0 1 1 1],"[0.125    0.166    0.108    0.166    0.108    0.308    0.091    0.175
 0.409    0.267    0.2      0.091    0.183    0.25     0.1      0.193759]",0,sb_int-additive_comp-vsmean_gbatt-false_gbalt-true_lk-free_inh-gaze-dependent,0
2248,9,3,224,attraction,A,L,0,target,5680.0,0.78,0.62,0.76,10,14,9,0,1,2,False,False,True,[1 0 0 2 2 2 2 2 1 0 0 0 2 2 0 0 0 0 1 1 2 1 1 1 1 0],[1 1 0 0 0 1 1 0 1 1 0 0 0 0 1 1 0 0 0 0 1 1 1 0 0 1],"[0.208    0.225    0.183    0.166    0.2      0.267    0.116    0.216
 0.108    0.358    0.183    0.275    0.116    0.125    0.133    0.225
 0.125    0.1      0.233    0.116    0.175    0.125    0.15     0.241
 0.091    0.090114]",0,sb_int-additive_comp-vsmean_gbatt-false_gbalt-true_lk-free_inh-gaze-dependent,0
2249,9,3,225,compromise,B,L,1,target,9250.0,0.72,0.65,0.58,9,15,29,1,0,2,False,False,False,[0 0 2 2 2 2 0 0 1 1 2 2 2 2 2 2 2 1 1 1 1 1 1 0 0 1 1 1 1 0 0],[1 1 1 0 0 1 0 1 1 1 1 0 1 1 0 0 1 1 1 0 0 1 1 1 0 0 1 0 0 0 1],"[0.15     0.15     0.342    0.225    0.258    0.275    0.392    0.434
 0.267    0.141    0.2      0.959    0.191    0.15     0.2      0.2
 0.183    0.083    0.116    0.375    0.25     0.216    0.125    0.475
 0.267    0.233    0.442    0.208    0.133    0.2      0.103543]",1,sb_int-additive_comp-vsmean_gbatt-false_gbalt-true_lk-free_inh-gaze-dependent,0
