,subject,block,trial,effect,target,key,choice,choice_tcd,rt,pA,pB,pC,mA,mB,mC,pos_A,pos_B,pos_C,pA_top,pB_top,pC_top,fixated_alternatives,fixated_attributes,fixation_durations,predicted_choice,model,rep
6750,33,1,1,filler,,M,2,,12390.0,0.31,0.38,0.85,32,26,11,0,2,1,False,False,False,"[2 0 0 0 0 0 0 0 2 2 2 1 1 1 2 2 0 0 0 0 0 1 1 1 2 2 1 1 1 1 0 1 1 1 0 0 2
 2 2 2]","[1 1 0 0 1 1 0 1 1 1 0 0 0 1 1 0 1 1 0 1 0 0 0 1 1 1 0 1 0 1 1 1 0 1 1 1 1
 0 1 1]","[0.15     0.35     0.091    0.125    1.001    0.225    0.216    0.125
 0.267    0.158    0.25     0.267    0.166    0.333    0.225    0.25
 0.208    0.158    0.509    0.433    0.191    0.1      0.158    0.5
 0.258    0.125    0.233    0.801    0.191    0.208    0.216    0.342
 0.25     0.183    0.175    0.141    0.55     0.175    0.141    0.118018]",2,sb_int-multiplicative_comp-absolute_gbatt-true_gbalt-true_lk-free_inh-free,0
6751,33,1,2,compromise,A,R,1,competitor,2960.0,0.78,0.68,0.82,13,15,11,0,2,1,False,False,False,[2 0 0 1 1 0 0 0 2 1],[1 1 1 1 1 1 0 0 0 1],"[0.166   0.208   0.158   0.183   0.275   0.392   0.175   0.108   0.183
 0.36516]",0,sb_int-multiplicative_comp-absolute_gbatt-true_gbalt-true_lk-free_inh-free,0
6752,33,1,3,attraction,B,M,0,competitor,5180.0,0.72,0.62,0.6,13,14,13,1,0,2,True,True,True,[0 1 1 0 2 0 0 0 2 1 0 1 1 1 1 2 2 0 0 2],[0 0 1 1 1 1 0 0 0 0 0 0 1 0 0 0 1 1 0 0],"[0.166    0.225    0.191    0.258    0.291    0.166    0.141    0.141
 0.225    0.292    0.141    0.183    0.3      0.116    0.091    0.225
 0.3      0.242    0.433    0.193875]",0,sb_int-multiplicative_comp-absolute_gbatt-true_gbalt-true_lk-free_inh-free,0
6753,33,1,4,attraction,A,L,0,target,8590.0,0.75,0.68,0.73,12,14,11,0,2,1,True,False,True,[2 0 0 2 2 1 1 1 2 0 0 0 2 1 1 1 1 1 2 2 1 2 0 0 0 2 2 2 2 0 0 0],[0 0 1 1 0 1 0 1 0 0 1 0 1 1 1 1 0 0 0 0 1 1 1 0 0 0 1 0 1 1 0 0],"[0.091    0.5      0.342    0.233    0.225    0.4      0.292    0.2
 0.141    0.233    0.3      0.242    0.166    0.133    0.108    0.175
 0.183    0.225    0.183    0.225    0.166    0.367    0.216    0.267
 0.166    0.208    0.266    0.275    0.275    0.225    0.108    0.171351]",0,sb_int-multiplicative_comp-absolute_gbatt-true_gbalt-true_lk-free_inh-free,0
6754,33,1,5,filler,,M,2,,12800.0,0.27,0.61,0.89,37,16,11,0,2,1,True,True,True,"[2 0 1 1 2 0 2 0 2 1 0 2 2 2 1 0 0 0 1 0 0 2 2 0 0 2 2 1 1 2 1 1 1 1 2 2 2
 1 0 0 0 0 2 0 0 0 2 2]","[0 0 0 0 0 0 0 1 1 1 1 1 0 0 0 0 1 1 1 0 0 0 1 1 1 0 0 0 0 0 0 1 0 0 0 0 1
 1 0 1 1 0 0 0 1 1 1 0]","[0.158    0.283    0.225    0.1      0.275    0.317    0.158    0.166
 0.233    0.15     0.208    0.191    0.191    0.191    0.133    0.367
 0.166    0.233    0.267    0.175    0.266    0.2      0.208    0.158
 0.2      0.225    0.125    0.108    0.575    0.158    0.2      0.35
 0.325    0.125    0.217    0.175    0.275    0.166    0.241    0.1
 0.2      0.175    0.242    0.517    0.083    0.275    0.217    0.235119]",2,sb_int-multiplicative_comp-absolute_gbatt-true_gbalt-true_lk-free_inh-free,0
6755,33,1,6,filler,,L,2,,7500.0,0.32,0.6,0.78,31,16,12,2,1,0,True,True,True,[2 2 2 1 1 0 0 0 2 2 2 2 1 0 0 2 1 1 2 2 2 2 1 1 2 2 1 1],[0 1 1 1 0 1 1 0 0 1 0 0 0 0 1 1 1 1 1 1 0 0 0 1 1 0 0 0],"[0.325   0.208   0.141   0.208   0.158   0.242   0.083   0.241   0.333
 0.317   0.158   0.208   0.417   0.417   0.325   0.1     0.116   0.191
 0.1     0.116   0.116   0.183   0.408   0.242   0.283   0.141   0.166
 0.28258]",2,sb_int-multiplicative_comp-absolute_gbatt-true_gbalt-true_lk-free_inh-free,0
6756,33,1,7,compromise,A,M,2,decoy,6200.0,0.78,0.68,0.88,12,15,11,0,2,1,True,True,False,[2 0 0 2 1 2 1 1 1 1 2 2 0 2 0 0 0 0 0 0 0 2 2 0 2],[1 0 0 1 0 1 1 1 0 0 0 0 1 1 0 1 1 0 1 1 0 1 0 1 0],"[0.158 0.3   0.183 0.258 0.233 0.1   0.191 0.158 0.175 0.116 0.25  0.158
 0.166 0.25  0.242 0.208 0.083 0.458 0.141 0.091 0.417 0.325 0.25  0.258
 0.116]",2,sb_int-multiplicative_comp-absolute_gbatt-true_gbalt-true_lk-free_inh-free,0
6757,33,1,8,attraction,A,L,0,target,9360.0,0.72,0.62,0.7,13,15,12,0,1,2,True,False,True,[1 0 1 1 2 2 0 1 0 2 0 0 0 1 1 1 0 0 1 2 2 2 1 1 2 2 2 2 0 0 0 0 2 2 2 2],[1 0 0 1 0 0 0 1 1 1 0 0 1 1 0 0 0 0 0 1 0 0 1 1 0 1 0 0 0 0 1 0 0 0 1 1],"[0.175    0.434    0.333    0.133    0.225    0.225    0.166    0.258
 0.2      0.2      0.191    0.65     0.241    0.217    0.091    0.325
 0.133    0.158    0.191    0.208    0.15     0.15     0.267    0.108
 0.192    0.241    0.175    0.217    0.166    0.25     0.333    0.325
 0.191    0.258    0.108    0.054639]",0,sb_int-multiplicative_comp-absolute_gbatt-true_gbalt-true_lk-free_inh-free,0
6758,33,1,9,attraction,A,R,0,target,5240.0,0.75,0.65,0.73,13,14,12,2,1,0,True,False,False,[1 1 2 1 2 1 1 2 2 1 0 0 0 1 1 1 1 1 2 1],[1 1 1 1 0 0 0 1 1 0 1 0 1 0 1 1 0 1 0 0],"[0.15     0.183    0.4      0.225    0.267    0.208    0.166    0.166
 0.292    0.2      0.375    0.433    0.183    0.183    0.308    0.283
 0.166    0.141    0.125    0.085083]",0,sb_int-multiplicative_comp-absolute_gbatt-true_gbalt-true_lk-free_inh-free,0
6759,33,1,10,compromise,A,M,2,decoy,4180.0,0.75,0.62,0.88,12,15,11,0,2,1,True,False,False,[2 0 2 0 0 0 2 2 2 1 1 1 0 2 2 2],[1 0 0 1 1 0 1 0 0 0 1 1 0 1 1 0],"[0.191   0.275   0.167   0.091   0.133   0.183   0.317   0.15    0.133
 0.208   0.083   0.191   0.508   0.317   0.542   0.10864]",2,sb_int-multiplicative_comp-absolute_gbatt-true_gbalt-true_lk-free_inh-free,0
6760,33,1,11,attraction,A,M,0,target,11380.0,0.78,0.68,0.76,13,15,12,1,2,0,False,True,True,"[0 2 2 2 0 0 1 1 1 1 0 0 2 2 0 0 0 0 0 2 0 1 1 1 2 2 0 0 0 2 0 0 1 0 1 1 1
 0 2 2 0 0 2]","[1 0 0 1 0 1 0 0 1 1 1 1 0 0 1 1 0 0 1 0 1 1 0 0 1 1 0 1 1 0 1 0 0 0 1 0 1
 0 1 0 1 1 0]","[0.15     0.358    0.133    0.408    0.208    0.241    0.3      0.3
 0.241    0.192    0.316    0.183    0.342    0.141    0.116    0.241
 0.141    0.15     0.242    0.325    0.191    0.508    0.2      0.125
 0.116    0.125    0.2      0.166    0.166    0.267    0.158    0.317
 0.408    0.116    0.233    0.217    0.1      0.141    0.267    0.275
 0.091    0.325    0.337892]",0,sb_int-multiplicative_comp-absolute_gbatt-true_gbalt-true_lk-free_inh-free,0
6761,33,1,12,filler,,L,2,,7350.0,0.27,0.47,0.86,37,21,11,2,1,0,True,True,True,[1 2 1 2 1 0 1 1 2 0 2 2 0 0 0 0 0 1 0 0 1 0 0 1 2 2 2 2],[0 0 0 0 0 0 0 1 1 0 0 0 0 0 1 1 0 0 0 1 1 0 0 0 1 1 0 0],"[0.175    0.266    0.425    0.467    0.242    0.175    0.208    0.208
 0.35     0.25     0.175    0.133    0.166    0.133    0.183    0.125
 0.166    0.158    0.158    0.35     0.141    0.158    0.208    0.166
 0.225    0.216    0.3      0.253733]",2,sb_int-multiplicative_comp-absolute_gbatt-true_gbalt-true_lk-free_inh-free,0
6762,33,1,13,attraction,B,L,0,competitor,6840.0,0.78,0.65,0.63,13,15,14,0,2,1,True,True,False,[2 2 0 1 1 1 2 0 2 2 2 2 1 1 1 0 1 2 0 0 0 2 0 0 2],[1 0 1 1 1 0 1 0 1 0 1 1 0 0 1 1 0 0 1 1 1 0 0 0 1],"[0.191    0.175    0.233    0.1      0.242    0.216    0.191    0.45
 0.241    0.35     0.492    0.2      0.25     0.692    0.358    0.133
 0.225    0.158    0.083    0.1      0.125    0.175    0.1      0.15
 0.266922]",0,sb_int-multiplicative_comp-absolute_gbatt-true_gbalt-true_lk-free_inh-free,0
6763,33,1,14,attraction,B,R,0,competitor,3630.0,0.72,0.65,0.63,13,14,13,2,0,1,False,False,False,[2 1 1 1 2 0 0 0 2 2 1 2 2 1 1 1],[1 1 0 1 1 1 1 0 0 0 0 1 1 1 0 0],"[0.158   0.333   0.283   0.2     0.2     0.258   0.166   0.225   0.091
 0.1     0.183   0.108   0.133   0.292   0.175   0.09937]",0,sb_int-multiplicative_comp-absolute_gbatt-true_gbalt-true_lk-free_inh-free,0
6764,33,1,15,compromise,A,R,0,target,10960.0,0.72,0.68,0.82,13,15,10,2,0,1,False,False,False,"[2 1 2 0 2 2 1 1 2 2 0 1 2 0 0 0 2 2 0 0 2 0 0 0 0 2 0 2 1 2 2 2 0 0 0 1 1
 0 1 1]","[1 1 1 1 1 1 1 0 0 0 0 1 1 1 1 0 0 1 1 1 1 1 1 1 0 1 1 1 1 1 1 0 0 1 1 1 1
 0 0 0]","[0.233    0.225    0.166    0.258    0.1      0.1      0.308    0.225
 0.158    0.175    0.275    0.241    0.108    0.225    0.125    0.217
 0.216    0.133    0.458    0.175    0.216    0.2      0.826    0.484
 0.175    0.408    0.175    0.567    0.217    0.1      0.166    0.325
 0.25     0.208    0.141    0.125    0.166    0.158    0.25     0.075479]",1,sb_int-multiplicative_comp-absolute_gbatt-true_gbalt-true_lk-free_inh-free,0
6765,33,1,16,compromise,B,M,2,decoy,7320.0,0.72,0.68,0.52,13,15,20,2,0,1,True,True,True,[0 2 1 2 2 1 2 2 1 1 1 2 0 2 2 1 1 1 0 0 0 0 2],[0 0 0 0 0 0 1 0 0 0 0 0 0 0 1 1 0 0 0 0 1 0 0],"[0.175    0.233    0.333    0.216    0.266    0.258    0.2      0.367
 0.458    0.208    1.001    0.216    0.25     0.258    0.233    0.258
 0.3      0.133    0.241    0.267    0.233    0.133    0.218323]",1,sb_int-multiplicative_comp-absolute_gbatt-true_gbalt-true_lk-free_inh-free,0
6766,33,1,17,compromise,B,M,2,decoy,11200.0,0.72,0.65,0.58,12,15,19,2,0,1,False,False,True,[2 1 1 1 2 2 2 0 0 0 0 2 0 2 2 2 1 1 2 1 1 1 2 2 1 2 2 0 0 0 0 0 0 2 1],[0 1 1 0 1 0 0 1 0 0 1 0 0 1 1 0 1 0 1 1 0 1 0 0 0 0 1 0 1 1 0 1 1 0 1],"[0.158    0.133    0.784    0.225    0.241    0.667    0.659    0.367
 0.2      0.2      0.275    0.292    0.133    0.183    0.1      0.317
 0.3      0.2      0.241    0.425    0.3      0.375    0.133    0.091
 0.191    0.3      0.191    0.225    0.116    0.225    0.258    0.133
 0.3      0.258    0.235712]",2,sb_int-multiplicative_comp-absolute_gbatt-true_gbalt-true_lk-free_inh-free,0
6767,33,1,18,attraction,B,R,0,competitor,9970.0,0.72,0.62,0.6,12,15,14,2,1,0,False,True,True,"[1 2 2 2 2 2 1 1 1 1 0 0 0 0 1 2 2 2 2 1 0 1 1 1 0 0 2 2 2 0 2 1 1 2 1 1 1
 1 0 0]","[0 0 0 1 1 0 1 1 0 0 1 0 0 1 0 0 0 1 0 1 0 1 0 0 1 1 1 1 1 1 0 0 0 0 1 1 0
 0 1 1]","[0.208    0.166    0.183    0.233    0.183    0.592    0.233    0.108
 0.292    0.35     0.191    0.183    0.166    0.317    0.191    0.183
 0.166    0.292    0.342    0.15     0.3      0.258    0.258    0.116
 0.091    0.108    0.108    0.091    0.15     0.133    0.375    0.225
 0.166    0.342    0.175    0.141    0.191    0.216    0.141    0.266442]",1,sb_int-multiplicative_comp-absolute_gbatt-true_gbalt-true_lk-free_inh-free,0
6768,33,1,19,compromise,A,M,0,target,11150.0,0.78,0.68,0.85,12,15,10,1,0,2,False,False,False,[0 1 1 0 0 2 2 2 0 0 1 1 1 1 0 2 0 2 2 0 0 0 0 2 2 0 0 1 1 1 0 2 2 0 1 0],[1 1 0 0 1 0 0 1 1 1 1 0 0 1 1 1 0 1 0 0 1 0 1 1 0 0 1 1 0 0 0 0 1 1 1 1],"[0.208    0.241    0.225    0.233    0.216    0.083    0.15     0.225
 0.166    0.408    0.275    0.183    0.175    0.3      0.291    0.241
 0.4      0.3      0.325    0.266    0.333    0.133    0.25     0.216
 0.233    0.266    0.575    0.267    0.241    0.166    0.241    0.3
 0.25     0.5      0.684    0.042074]",1,sb_int-multiplicative_comp-absolute_gbatt-true_gbalt-true_lk-free_inh-free,0
6769,33,1,20,attraction,A,M,0,target,5000.0,0.72,0.65,0.7,13,15,12,1,0,2,True,False,True,[0 1 1 0 0 2 2 2 0 0 1 1 2 0 1 1 0 0 2 0 2 2],[0 1 0 1 0 0 0 1 1 1 1 1 0 0 0 0 0 1 1 0 0 0],"[0.158    0.283    0.392    0.241    0.141    0.208    0.15     0.258
 0.208    0.133    0.108    0.175    0.283    0.233    0.216    0.15
 0.242    0.266    0.133    0.133    0.083    0.142882]",2,sb_int-multiplicative_comp-absolute_gbatt-true_gbalt-true_lk-free_inh-free,0
6770,33,1,21,compromise,A,M,0,target,5530.0,0.78,0.65,0.82,13,14,10,1,0,2,False,True,True,[0 1 1 0 1 0 2 2 2 0 1 1 1 0 0 2 0 2 0],[0 1 0 1 0 0 1 0 0 1 1 1 0 0 0 1 1 0 1],"[0.2      0.166    0.292    0.241    0.35     0.183    0.35     0.133
 0.133    0.225    0.233    0.091    0.325    0.233    0.108    0.367
 0.283    0.275    0.188074]",0,sb_int-multiplicative_comp-absolute_gbatt-true_gbalt-true_lk-free_inh-free,0
6771,33,1,22,compromise,A,R,2,decoy,12610.0,0.75,0.65,0.85,13,15,11,1,0,2,False,False,True,"[0 1 1 1 0 1 1 2 2 2 0 0 1 2 0 1 1 0 0 0 1 0 1 1 0 1 1 1 1 0 0 2 0 2 2 2 0
 1 1 0 0 1 2 0 2 2 2]","[1 1 0 0 0 1 1 0 1 1 1 1 1 0 0 0 0 0 0 1 1 1 1 1 1 1 0 0 1 1 1 0 0 0 1 0 1
 1 1 1 0 0 0 1 0 0 0]","[0.241    0.275    0.291    0.141    0.258    0.217    0.166    0.3
 0.191    0.15     0.091    0.15     0.233    0.258    0.183    0.166
 0.425    0.141    0.125    0.191    0.35     0.483    0.158    0.133
 0.208    0.2      0.2      0.15     0.208    0.15     0.233    0.175
 0.225    0.191    0.283    0.1      0.642    0.2      0.375    0.175
 0.175    0.308    0.625    0.133    0.216    0.15     0.261964]",2,sb_int-multiplicative_comp-absolute_gbatt-true_gbalt-true_lk-free_inh-free,0
6772,33,1,23,compromise,A,R,1,competitor,13310.0,0.72,0.68,0.82,13,15,10,1,2,0,True,True,False,"[0 2 2 2 2 2 2 2 2 2 2 2 2 2 2 0 0 1 1 1 1 0 0 0 0 2 2 2 2 2 2 2 1 1 0 0 0
 1]","[0 1 1 1 1 1 1 0 1 1 1 0 1 1 0 0 1 0 1 1 0 0 1 1 0 1 0 0 1 1 1 1 0 0 1 1 1
 0]","[0.125    0.4      0.325    0.116    1.001    1.318    0.158    0.266
 0.267    0.091    0.4      0.2      0.091    0.333    0.191    0.258
 0.225    0.3      0.283    0.133    0.266    0.175    0.175    0.083
 0.692    0.283    0.108    0.116    0.892    0.534    0.292    0.367
 0.216    0.308    0.108    0.166    0.158    0.084735]",0,sb_int-multiplicative_comp-absolute_gbatt-true_gbalt-true_lk-free_inh-free,0
6773,33,1,24,compromise,A,L,0,target,4680.0,0.75,0.65,0.82,13,15,10,0,1,2,True,False,False,[1 0 0 0 1 1 2 2 2 2 0 1 0 1 1 1 1 1 0],[1 0 0 1 0 1 1 0 0 1 0 0 1 1 1 0 1 1 0],"[0.133    0.267    0.133    0.283    0.208    0.216    0.317    0.242
 0.116    0.108    0.383    0.225    0.191    0.141    0.183    0.2
 0.208    0.133    0.189425]",0,sb_int-multiplicative_comp-absolute_gbatt-true_gbalt-true_lk-free_inh-free,0
6774,33,1,25,attraction,B,L,0,competitor,5370.0,0.72,0.62,0.6,13,15,14,0,2,1,False,True,True,[2 0 0 0 0 2 1 1 0 2 1 1 2 2 2 0 0 1 1 2],[0 1 0 1 0 1 1 0 0 0 0 1 1 1 0 1 0 0 0 0],"[0.133    0.191    0.166    0.375    0.275    0.216    0.367    0.325
 0.2      0.316    0.208    0.2      0.108    0.141    0.308    0.158
 0.191    0.091    0.216    0.416592]",2,sb_int-multiplicative_comp-absolute_gbatt-true_gbalt-true_lk-free_inh-free,0
6775,33,1,26,attraction,A,L,0,target,3680.0,0.75,0.65,0.73,13,15,12,0,1,2,True,False,True,[1 0 0 2 1 1 1 2 2 2 0 0 1 1],[1 0 1 0 0 0 1 1 1 0 0 1 0 0],"[0.133    0.292    0.225    0.15     0.108    0.125    0.325    0.108
 0.191    0.342    0.367    0.175    0.258    0.150404]",1,sb_int-multiplicative_comp-absolute_gbatt-true_gbalt-true_lk-free_inh-free,0
6776,33,1,27,compromise,B,R,2,decoy,3910.0,0.72,0.62,0.58,12,14,20,0,1,2,True,True,True,[1 0 0 1 2 2 2 2 1 0 2 2 2 2 1 1 2],[0 0 1 1 1 1 0 0 0 0 0 0 1 1 1 0 0],"[0.141 0.191 0.191 0.208 0.166 0.125 0.225 0.141 0.125 0.308 0.166 0.25
 0.133 0.266 0.158 0.233 0.325]",2,sb_int-multiplicative_comp-absolute_gbatt-true_gbalt-true_lk-free_inh-free,0
6777,33,1,28,compromise,B,M,0,competitor,7180.0,0.78,0.65,0.52,13,14,19,1,0,2,False,True,True,[0 1 1 1 0 2 2 1 1 1 0 0 1 1 0 0 2 2 2 1 1 1 0 1 0 0 0 0 0 0],[1 0 0 1 0 1 1 0 0 0 1 1 1 1 1 1 0 1 1 1 0 1 1 0 0 1 1 0 0 1],"[0.141    0.108    0.116    0.258    0.275    0.216    0.125    0.091
 0.091    0.091    0.116    0.325    0.15     0.133    0.116    0.141
 0.442    0.133    0.216    0.308    0.383    0.225    0.333    0.392
 0.225    0.25     0.141    0.283    0.2      0.220691]",0,sb_int-multiplicative_comp-absolute_gbatt-true_gbalt-true_lk-free_inh-free,0
6778,33,1,29,compromise,A,M,0,target,4790.0,0.75,0.62,0.88,13,15,10,1,2,0,False,False,True,[2 2 2 2 1 1 0 1 1 1 0 0 0 2 0 0],[0 0 1 1 1 1 1 0 0 1 0 1 0 0 1 1],"[0.183    0.225    0.166    0.158    0.108    0.3      0.342    0.367
 0.116    0.292    0.216    0.375    0.383    0.141    0.325    0.168353]",0,sb_int-multiplicative_comp-absolute_gbatt-true_gbalt-true_lk-free_inh-free,0
6779,33,1,30,compromise,A,M,0,target,7500.0,0.72,0.65,0.82,13,15,10,1,0,2,False,False,False,[0 1 1 0 0 2 2 2 2 2 0 1 1 1 0 0 0 1 1 2 2 0 1 1 1 1 0 0],[1 1 0 0 1 1 1 0 1 0 0 0 1 1 1 0 0 0 1 0 1 1 1 0 0 1 1 0],"[0.166 0.408 0.166 0.166 0.217 0.2   0.192 0.191 0.509 0.492 0.208 0.166
 0.091 0.216 0.241 0.233 0.125 0.258 0.158 0.133 0.225 0.191 0.283 0.133
 0.166 0.433 0.291 0.191]",1,sb_int-multiplicative_comp-absolute_gbatt-true_gbalt-true_lk-free_inh-free,0
6780,33,1,31,compromise,B,L,2,decoy,7710.0,0.72,0.68,0.58,12,15,20,1,2,0,True,False,True,[0 0 2 0 0 0 2 2 2 2 0 1 1 0 0 2 2 2 2 1 1 1 1 2 2 2 1 1 1],[0 0 0 0 1 0 0 1 1 0 1 1 0 1 0 1 1 0 0 1 0 0 1 0 0 1 1 1 0],"[0.392    0.425    0.242    0.183    0.158    0.216    0.408    0.108
 0.358    0.233    0.242    0.233    0.241    0.125    0.292    0.258
 0.15     0.25     0.15     0.258    0.2      0.116    0.2      0.183
 0.233    0.225    0.175    0.141    0.114443]",1,sb_int-multiplicative_comp-absolute_gbatt-true_gbalt-true_lk-free_inh-free,0
6781,33,1,32,filler,,R,2,,8250.0,0.19,0.59,0.81,52,16,12,0,1,2,False,True,False,[1 1 0 0 1 2 1 0 0 0 0 0 0 0 0 1 1 2 2 1 1 2 2 2 1 1 1 2 2],[0 0 0 0 1 0 0 0 1 0 1 0 0 1 1 0 0 1 0 0 1 0 0 1 0 1 0 0 1],"[0.116    0.183    0.175    0.15     0.225    0.192    0.275    0.217
 0.383    0.292    0.333    0.091    0.283    0.266    0.133    0.225
 0.375    0.291    0.3      0.25     0.35     0.191    0.108    0.133
 0.183    0.417    0.35     0.083    0.402876]",2,sb_int-multiplicative_comp-absolute_gbatt-true_gbalt-true_lk-free_inh-free,0
6782,33,1,33,attraction,B,L,0,competitor,5300.0,0.75,0.65,0.63,12,14,13,0,2,1,True,False,False,[2 0 0 2 2 1 1 2 0 0 2 1 2 2 1 0 0 0 0 2],[1 0 1 0 0 0 1 1 1 0 0 0 0 1 1 0 0 1 1 1],"[0.116    0.308    0.116    0.191    0.083    0.242    0.267    0.3
 0.275    0.4      0.191    0.325    0.191    0.217    0.267    0.141
 0.266    0.133    0.141    0.119468]",0,sb_int-multiplicative_comp-absolute_gbatt-true_gbalt-true_lk-free_inh-free,0
6783,33,1,34,compromise,B,R,0,competitor,7410.0,0.75,0.62,0.58,13,14,20,2,0,1,False,True,True,[2 1 2 0 0 2 2 2 1 1 1 0 2 2 2 0 0 0 0 2 2 2 2 2],[0 0 0 1 1 0 0 1 1 1 0 1 1 1 0 0 1 0 1 0 0 1 1 0],"[0.158    0.283    0.225    0.233    0.408    0.2      0.208    0.158
 0.1      0.233    0.45     0.275    0.325    0.108    0.926    0.4
 0.592    0.116    0.3      0.108    0.108    0.108    0.108    0.262193]",2,sb_int-multiplicative_comp-absolute_gbatt-true_gbalt-true_lk-free_inh-free,0
6784,33,1,35,compromise,B,R,1,target,10020.0,0.72,0.65,0.52,13,15,19,1,2,0,False,False,False,[0 2 2 2 2 0 0 1 2 0 0 2 2 1 1 2 2 2 2 0 1 1 1 0 0 0 1 1 1 1 1],[1 1 1 0 0 0 1 1 1 1 0 0 0 0 1 1 0 0 1 1 1 0 1 1 0 1 1 1 0 1 0],"[0.192    0.183    1.259    0.216    0.133    0.208    0.233    0.5
 0.266    0.291    0.208    0.15     0.116    0.317    0.175    0.258
 0.167    0.1      0.233    0.258    0.3      0.258    0.208    0.208
 0.317    0.408    0.083    0.592    0.242    0.417    0.132812]",1,sb_int-multiplicative_comp-absolute_gbatt-true_gbalt-true_lk-free_inh-free,0
6785,33,1,36,filler,,L,1,,11960.0,0.29,0.42,0.72,34,23,13,1,0,2,True,True,True,[0 1 1 0 0 1 1 2 0 0 0 1 1 0 2 0 0 0 1 1 1 1 2 2 1 1 0 1 0 0 2 2 0 1 1 1],[0 0 0 0 1 1 0 0 0 0 1 0 0 0 0 0 0 1 1 0 0 0 0 0 0 0 0 1 1 0 1 0 0 0 1 0],"[0.183    0.116    0.158    0.317    0.216    0.267    0.292    0.475
 0.383    0.166    0.241    0.133    0.684    1.184    0.258    0.25
 0.158    0.241    0.225    0.367    0.158    0.242    0.258    0.116
 0.125    0.617    0.25     0.266    0.317    0.459    0.208    0.35
 0.258    0.283    0.141    0.075657]",0,sb_int-multiplicative_comp-absolute_gbatt-true_gbalt-true_lk-free_inh-free,0
6786,33,1,37,attraction,A,L,0,target,3480.0,0.78,0.68,0.76,12,15,11,0,1,2,True,False,False,[1 0 0 1 0 1 2 2 2 0 0 0 1],[1 0 1 0 0 1 1 0 0 0 0 1 0],"[0.175    0.342    0.233    0.292    0.175    0.317    0.417    0.166
 0.1      0.1      0.283    0.158    0.031862]",0,sb_int-multiplicative_comp-absolute_gbatt-true_gbalt-true_lk-free_inh-free,0
6787,33,1,38,attraction,B,L,0,competitor,7890.0,0.72,0.62,0.6,13,15,14,0,1,2,True,True,False,[1 0 0 0 1 1 1 0 0 0 0 1 1 1 2 2 1 0 1 1 0 0],[0 0 0 0 0 0 0 0 0 0 1 1 0 0 1 0 0 0 0 1 1 0],"[0.133    0.617    0.158    0.826    0.317    0.5      0.15     0.25
 0.216    0.525    0.225    0.183    0.2      0.191    0.2      0.241
 0.116    0.4      0.383    0.317    0.242    0.179788]",0,sb_int-multiplicative_comp-absolute_gbatt-true_gbalt-true_lk-free_inh-free,0
6788,33,1,39,filler,,L,0,,7170.0,0.16,0.46,0.87,62,21,11,0,1,2,False,True,True,[1 0 1 0 0 1 1 1 2 2 0 0 1 0 1 2 2 2 0 0 0 0],[0 1 0 1 0 0 0 0 0 0 0 1 0 1 1 1 0 0 0 1 1 0],"[0.183 0.375 0.225 0.675 0.283 0.241 0.433 0.108 0.275 0.317 0.191 0.383
 0.266 0.216 0.192 0.433 0.2   0.141 0.158 0.083 0.258 0.192]",2,sb_int-multiplicative_comp-absolute_gbatt-true_gbalt-true_lk-free_inh-free,0
6789,33,1,40,compromise,A,R,0,target,6490.0,0.78,0.65,0.82,13,14,11,2,0,1,False,True,True,[2 1 1 1 1 1 2 2 0 0 2 0 0 0 0 1 1 1 2 0 0 2],[0 0 1 0 0 1 1 0 1 0 1 1 1 0 1 0 0 1 1 0 1 0],"[0.15     0.325    0.166    0.266    0.559    0.667    0.3      0.35
 0.208    0.141    0.225    0.15     0.192    0.191    0.266    0.216
 0.191    0.2      0.1      0.141    0.367    0.036197]",0,sb_int-multiplicative_comp-absolute_gbatt-true_gbalt-true_lk-free_inh-free,0
6790,33,1,41,compromise,B,M,0,competitor,3630.0,0.75,0.68,0.55,12,14,19,1,0,2,True,True,False,[0 1 0 2 0 0 1 1 0 0 0 1 1 2 2],[0 0 0 1 1 1 1 0 0 1 0 0 0 1 0],"[0.191    0.408    0.208    0.166    0.1      0.108    0.225    0.183
 0.116    0.133    0.292    0.225    0.1      0.225    0.167381]",2,sb_int-multiplicative_comp-absolute_gbatt-true_gbalt-true_lk-free_inh-free,0
6791,33,1,42,compromise,B,L,0,competitor,4330.0,0.72,0.68,0.58,13,14,20,0,2,1,False,True,False,[2 0 0 2 1 1 0 0 0 0 2 2 2 1 1 1 0 0],[1 1 0 0 0 1 1 1 0 0 1 1 0 1 0 0 1 1],"[0.208   0.191   0.166   0.25    0.3     0.108   0.108   0.2     0.175
 0.1     0.183   0.283   0.3     0.216   0.283   0.116   0.175   0.10732]",0,sb_int-multiplicative_comp-absolute_gbatt-true_gbalt-true_lk-free_inh-free,0
6792,33,1,43,attraction,B,L,0,competitor,6980.0,0.75,0.62,0.6,12,15,14,0,1,2,True,True,False,[1 0 1 0 1 1 2 2 2 1 2 2 2 0 0 0 1 2 2 0 0],[0 0 1 0 0 1 0 1 0 0 1 0 1 0 0 1 1 0 1 0 1],"[0.141    0.317    0.225    0.233    0.358    0.233    0.225    0.417
 0.383    0.667    0.308    0.208    0.2      0.125    0.208    0.175
 0.292    0.216    0.208    0.241    0.075414]",0,sb_int-multiplicative_comp-absolute_gbatt-true_gbalt-true_lk-free_inh-free,0
6793,33,1,44,compromise,B,M,2,decoy,9020.0,0.72,0.62,0.55,13,14,20,2,0,1,False,False,True,[1 1 2 1 2 2 0 1 1 1 0 1 0 0 2 2 1 2 1 1 2 2 2 2 0 1 1 1 2 0 0 1],[1 1 1 0 1 0 1 0 1 1 1 0 1 0 0 0 1 0 1 0 0 1 1 0 1 1 0 0 1 0 0 0],"[0.141    0.208    0.175    0.1      0.233    0.542    0.383    0.2
 0.141    0.183    0.175    0.25     0.308    0.258    0.116    0.141
 0.183    0.225    0.4      0.15     0.367    0.091    0.191    0.45
 0.383    0.258    0.083    0.1      0.241    0.191    0.208    0.147512]",1,sb_int-multiplicative_comp-absolute_gbatt-true_gbalt-true_lk-free_inh-free,0
6794,33,1,45,compromise,A,M,1,competitor,4200.0,0.78,0.68,0.88,13,15,10,2,1,0,True,False,False,[1 2 2 0 0 1 1 1 2 2 2 0 0 0 1],[1 1 1 1 0 1 1 0 0 1 1 0 1 0 1],"[0.183 0.233 0.208 0.267 0.108 0.233 0.233 0.108 0.317 0.275 0.292 0.2
 0.275 0.083 0.225]",0,sb_int-multiplicative_comp-absolute_gbatt-true_gbalt-true_lk-free_inh-free,0
6795,33,1,46,compromise,A,M,0,target,5580.0,0.78,0.62,0.85,13,14,10,1,0,2,True,False,False,[0 1 1 0 0 0 2 2 2 1 0 0 0 1 1 1 0 0 2 2 0],[0 1 0 1 0 1 1 0 0 0 1 1 0 1 1 0 0 0 1 0 1],"[0.166    0.283    0.25     0.216    0.242    0.2      0.458    0.133
 0.216    0.166    0.108    0.083    0.408    0.183    0.15     0.3
 0.191    0.216    0.4      0.191    0.087641]",0,sb_int-multiplicative_comp-absolute_gbatt-true_gbalt-true_lk-free_inh-free,0
6796,33,1,47,attraction,B,M,0,competitor,8900.0,0.78,0.68,0.66,12,14,13,1,2,0,True,True,False,[0 0 2 2 2 2 2 0 1 0 1 1 1 0 0 2 0 2 2 2 2 2 2 2 2 2 0 0 1 1 1 0],[0 1 1 0 0 1 1 0 0 1 0 0 1 0 0 1 1 1 1 0 0 1 1 1 0 1 1 0 1 1 0 0],"[0.542    0.2      0.35     0.242    0.133    0.216    0.141    0.1
 0.233    0.342    0.317    0.15     0.225    0.108    0.175    0.225
 0.2      0.4      0.1      0.125    0.35     0.425    0.291    0.258
 0.191    0.133    0.175    0.25     0.191    0.367    0.216    0.306748]",0,sb_int-multiplicative_comp-absolute_gbatt-true_gbalt-true_lk-free_inh-free,0
6797,33,1,48,attraction,B,L,0,competitor,9930.0,0.78,0.65,0.63,13,15,14,0,1,2,False,True,False,[0 1 0 0 1 1 2 2 1 0 0 2 2 1 1 0 0 0 1 1 2 1 2 1 0 0 2 1 0 0],[1 1 0 0 0 0 1 1 1 0 1 1 1 1 1 1 0 0 0 0 1 1 1 1 1 0 0 0 0 1],"[0.317    0.116    0.417    0.367    0.325    0.108    0.091    0.801
 0.208    0.191    0.458    0.217    0.141    0.158    0.108    0.375
 0.125    0.141    0.191    0.15     0.417    0.266    0.392    0.15
 0.208    0.183    0.325    0.333    0.225    0.708104]",0,sb_int-multiplicative_comp-absolute_gbatt-true_gbalt-true_lk-free_inh-free,0
6798,33,1,49,compromise,B,L,0,competitor,5130.0,0.78,0.62,0.55,13,14,20,0,1,2,False,True,True,[1 0 0 0 1 2 1 2 2 1 1 1 1 0 0 0 0 1 1 1 0],[0 1 0 0 0 0 0 0 1 1 1 0 0 1 0 0 1 1 1 0 1],"[0.125    0.692    0.191    0.15     0.266    0.258    0.25     0.091
 0.216    0.133    0.083    0.241    0.183    0.275    0.15     0.125
 0.258    0.258    0.091    0.133    0.044425]",0,sb_int-multiplicative_comp-absolute_gbatt-true_gbalt-true_lk-free_inh-free,0
6799,33,1,50,attraction,A,R,0,target,3460.0,0.72,0.65,0.7,12,14,11,2,1,0,False,False,False,[1 2 1 0 0 1 1 2 2 1 2 2 0 0 0],[1 1 1 1 0 0 0 0 0 1 1 1 1 0 1],"[0.125    0.308    0.191    0.208    0.258    0.191    0.116    0.091
 0.1      0.383    0.083    0.233    0.216    0.25     0.105722]",0,sb_int-multiplicative_comp-absolute_gbatt-true_gbalt-true_lk-free_inh-free,0
6800,33,1,51,compromise,B,L,1,target,5280.0,0.72,0.68,0.55,12,14,20,1,0,2,False,False,True,[0 0 0 0 1 1 1 1 1 0 0 2 2 2 2 0 0 1 1 1 0],[1 0 1 0 1 1 0 0 1 1 1 0 0 1 0 1 0 0 0 1 1],"[0.233    0.242    0.216    0.166    0.191    0.216    0.25     0.141
 0.258    0.125    0.166    0.3      0.208    0.358    0.15     0.175
 0.225    0.166    0.133    0.375    0.293041]",1,sb_int-multiplicative_comp-absolute_gbatt-true_gbalt-true_lk-free_inh-free,0
6801,33,1,52,attraction,A,M,0,target,5380.0,0.78,0.62,0.76,12,15,11,1,0,2,True,False,False,[0 1 1 0 0 1 0 1 0 2 2 0 2 0 0 2 2 0 1],[0 1 0 0 0 1 1 0 0 1 0 1 1 0 1 0 1 0 1],"[0.15     0.258    0.175    0.266    0.241    0.325    0.191    0.233
 0.283    0.191    0.108    0.183    0.258    0.225    0.2      0.3
 0.241    0.241    0.238211]",0,sb_int-multiplicative_comp-absolute_gbatt-true_gbalt-true_lk-free_inh-free,0
6802,33,1,53,filler,,R,2,,9180.0,0.24,0.37,0.76,41,27,13,0,1,2,False,False,False,[1 0 0 0 0 1 1 1 2 0 2 2 1 2 2 1 0 1 1 0 0 1 1 1 1 1 2 2 1 1 2 2],[1 1 1 0 0 0 1 1 1 1 1 1 1 0 0 0 0 0 1 1 1 1 0 1 1 0 0 1 1 1 0 1],"[0.091 0.183 0.517 0.283 0.175 0.266 0.083 0.175 0.258 0.266 0.45  0.116
 0.233 0.191 0.1   0.141 0.317 0.241 0.116 0.108 0.183 0.2   0.241 0.242
 0.292 0.492 0.225 0.367 0.116 0.175 0.183 0.642]",2,sb_int-multiplicative_comp-absolute_gbatt-true_gbalt-true_lk-free_inh-free,0
6803,33,1,54,attraction,B,M,0,competitor,5800.0,0.75,0.68,0.66,12,14,13,1,0,2,False,True,False,[0 1 0 0 2 2 2 0 2 2 2 0 0 1 1 0 1 1 2 0],[1 0 0 0 0 1 1 1 0 0 1 1 0 1 0 1 0 0 1 1],"[0.208    0.55     0.158    0.108    0.225    0.2      0.108    0.325
 0.183    0.166    0.133    0.233    0.183    0.183    0.083    0.175
 0.433    0.116    0.267    0.168025]",0,sb_int-multiplicative_comp-absolute_gbatt-true_gbalt-true_lk-free_inh-free,0
6804,33,1,55,compromise,A,L,0,target,3640.0,0.78,0.62,0.85,12,15,10,0,1,2,False,False,False,[1 0 0 1 1 2 2 2 0 0],[1 1 1 1 1 1 1 0 1 1],[0.158 0.508 0.333 0.191 0.125 0.083 0.266 0.25  0.125 0.317],2,sb_int-multiplicative_comp-absolute_gbatt-true_gbalt-true_lk-free_inh-free,0
6805,33,1,56,filler,,L,2,,4830.0,0.32,0.48,0.85,31,20,11,1,2,0,True,False,False,[0 2 2 0 0 1 1 0 1 1 2 1 1 2 2 2],[0 1 1 1 1 1 1 0 0 1 0 0 1 1 1 1],"[0.158    0.4      0.125    0.141    0.108    0.175    0.116    0.317
 0.408    0.283    0.266    0.158    0.25     0.15     0.225    0.393533]",2,sb_int-multiplicative_comp-absolute_gbatt-true_gbalt-true_lk-free_inh-free,0
6806,33,1,57,attraction,A,L,0,target,3860.0,0.75,0.65,0.73,13,15,12,0,1,2,True,False,True,[1 0 0 1 2 2 1 2 1 0 0 2 2 0 0],[1 0 0 0 0 0 1 1 0 0 0 0 1 1 0],"[0.133    0.333    0.175    0.225    0.091    0.166    0.233    0.141
 0.2      0.192    0.125    0.3      0.3      0.216    0.095441]",0,sb_int-multiplicative_comp-absolute_gbatt-true_gbalt-true_lk-free_inh-free,0
6807,33,1,58,attraction,A,L,0,target,3730.0,0.72,0.65,0.7,12,15,11,0,2,1,True,True,True,[2 0 0 2 1 1 2 2 0 1 1 2 0 2 2],[0 0 1 1 1 1 1 0 0 0 0 0 0 1 1],"[0.141    0.291    0.192    0.2      0.342    0.125    0.125    0.191
 0.233    0.208    0.292    0.233    0.3      0.091    0.076266]",2,sb_int-multiplicative_comp-absolute_gbatt-true_gbalt-true_lk-free_inh-free,0
6808,33,1,59,compromise,B,M,0,competitor,4880.0,0.75,0.65,0.55,13,14,19,1,0,2,False,True,False,[0 1 1 1 0 0 1 0 2 2 2 2 0 0 1 0 1 2 2 0],[1 0 1 0 1 1 0 0 0 0 1 1 0 0 0 1 1 0 0 1],"[0.108    0.3      0.216    0.191    0.133    0.191    0.25     0.175
 0.116    0.2      0.459    0.316    0.166    0.141    0.241    0.275
 0.258    0.1      0.083    0.272458]",0,sb_int-multiplicative_comp-absolute_gbatt-true_gbalt-true_lk-free_inh-free,0
6809,33,1,60,attraction,B,R,0,competitor,2860.0,0.78,0.62,0.6,13,15,14,2,0,1,False,True,True,[2 1 1 2 2 1 1 2 0 0 0 2 1 2],[0 0 0 0 0 1 1 1 0 0 1 1 0 0],"[0.141    0.333    0.091    0.125    0.083    0.125    0.108    0.133
 0.225    0.125    0.241    0.175    0.342    0.085855]",0,sb_int-multiplicative_comp-absolute_gbatt-true_gbalt-true_lk-free_inh-free,0
6810,33,1,61,attraction,A,R,0,target,3810.0,0.75,0.65,0.73,12,15,11,2,1,0,True,False,False,[1 2 2 2 1 1 0 1 1 2 0 2 2 0],[1 1 0 0 0 1 0 1 1 0 1 1 1 0],"[0.208    0.233    0.35     0.166    0.15     0.233    0.45     0.158
 0.225    0.258    0.241    0.116    0.2      0.113309]",0,sb_int-multiplicative_comp-absolute_gbatt-true_gbalt-true_lk-free_inh-free,0
6811,33,1,62,attraction,A,R,0,target,6050.0,0.75,0.65,0.73,13,14,12,2,0,1,True,True,True,[2 2 0 1 2 1 1 2 2 0 0 1 2 0 2 1 2 1 2 0 2 2 1],[0 0 0 0 0 0 0 0 0 0 0 1 1 1 1 1 1 1 0 0 0 1 1],"[0.275    0.15     0.208    0.258    0.217    0.433    0.125    0.108
 0.175    0.292    0.175    0.25     0.283    0.392    0.25     0.225
 0.183    0.158    0.208    0.258    0.225    0.1      0.212765]",2,sb_int-multiplicative_comp-absolute_gbatt-true_gbalt-true_lk-free_inh-free,0
6812,33,1,63,compromise,A,L,2,decoy,8180.0,0.75,0.68,0.88,12,15,11,2,1,0,False,False,False,[1 2 2 1 0 1 1 2 1 0 1 1 0 0 0 1 2 2 1 2 2 0 0 2 2],[1 1 1 1 1 1 0 0 0 0 0 1 1 0 1 0 0 1 1 1 1 1 0 0 1],"[0.15     0.25     0.158    0.191    0.158    0.267    0.133    0.342
 0.15     0.2      0.183    0.258    0.242    0.275    0.15     0.15
 0.2      0.3      1.518    0.258    0.216    0.358    0.367    0.367
 0.260984]",2,sb_int-multiplicative_comp-absolute_gbatt-true_gbalt-true_lk-free_inh-free,0
6813,33,1,64,attraction,B,L,0,competitor,6850.0,0.78,0.62,0.6,12,15,14,0,1,2,False,False,False,[0 0 1 1 2 1 0 1 1 1 2 2 2 1 0 0 1 0 1 0 0 1 2 2 1 0],[1 1 1 1 1 0 0 0 1 1 1 1 0 0 1 1 1 1 1 0 0 0 0 1 1 1],"[0.133    0.141    0.166    0.125    0.267    0.133    0.241    0.2
 0.1      0.191    0.166    0.158    0.25     0.166    0.108    0.266
 0.25     0.717    0.108    0.166    0.083    0.175    0.183    0.317
 0.325    0.319315]",0,sb_int-multiplicative_comp-absolute_gbatt-true_gbalt-true_lk-free_inh-free,0
6814,33,1,65,attraction,B,M,0,competitor,2580.0,0.78,0.62,0.6,12,14,13,1,2,0,True,False,True,[2 2 0 0 0 1 0 2 2 1 1 1 0],[0 0 0 1 1 0 0 1 1 1 1 1 0],"[0.125    0.183    0.233    0.183    0.125    0.266    0.25     0.158
 0.158    0.083    0.108    0.158    0.093109]",0,sb_int-multiplicative_comp-absolute_gbatt-true_gbalt-true_lk-free_inh-free,0
6815,33,1,66,attraction,A,M,0,target,8200.0,0.72,0.65,0.7,12,15,11,1,0,2,False,True,True,[0 1 1 1 0 2 0 0 2 1 0 1 0 0 2 2 2 0 2 2 0 0 2 1 1 1 1 0 0],[1 0 1 1 1 0 0 0 1 0 1 0 1 1 0 0 0 1 1 1 0 1 0 1 1 0 1 1 1],"[0.208    0.3      0.258    0.233    0.225    0.5      0.133    0.158
 0.15     0.241    0.267    0.35     0.233    0.417    0.267    0.425
 0.091    0.325    0.217    0.116    0.091    0.45     0.15     0.2
 0.175    0.358    0.191    0.183    0.046079]",0,sb_int-multiplicative_comp-absolute_gbatt-true_gbalt-true_lk-free_inh-free,0
6816,33,1,67,filler,,L,1,,10070.0,0.28,0.67,0.78,35,14,12,1,0,2,True,True,True,[0 1 1 0 0 2 1 1 0 0 2 0 0 0 0 0 0 0 0 0 0 1 2 2 0 2 2 1 1 1 1 2 2 1 1 2],[0 0 1 1 0 0 1 0 0 0 0 0 1 0 0 0 0 1 1 0 0 0 0 1 1 1 0 1 0 0 1 1 1 1 0 0],"[0.175    0.275    0.192    0.233    0.133    0.233    0.2      0.242
 0.192    0.275    0.517    0.292    0.2      0.241    0.133    0.742
 0.325    0.191    0.375    0.158    0.125    0.317    0.25     0.175
 0.175    0.166    0.208    0.325    0.3      0.367    0.225    0.191
 0.158    0.108    0.225    0.108565]",2,sb_int-multiplicative_comp-absolute_gbatt-true_gbalt-true_lk-free_inh-free,0
6817,33,1,68,attraction,B,L,0,competitor,5970.0,0.72,0.68,0.66,13,14,13,0,2,1,False,False,True,[2 0 0 0 2 2 1 0 0 0 2 2 1 1 1 1 1 2 0 0 0],[0 1 0 0 1 0 1 1 1 0 0 0 1 0 1 0 1 0 1 0 1],"[0.158    0.241    0.15     0.125    0.2      0.375    0.392    0.15
 0.266    0.191    0.141    0.475    0.208    0.342    0.267    0.208
 0.208    0.191    0.392    0.216    0.128018]",0,sb_int-multiplicative_comp-absolute_gbatt-true_gbalt-true_lk-free_inh-free,0
6818,33,1,69,attraction,A,M,1,competitor,3050.0,0.72,0.68,0.7,12,14,11,0,1,2,True,True,True,[1 0 0 0 1 1 2 2 2 1],[0 0 1 0 0 1 0 0 1 1],"[0.158    0.584    0.241    0.408    0.283    0.242    0.266    0.166
 0.133    0.106326]",1,sb_int-multiplicative_comp-absolute_gbatt-true_gbalt-true_lk-free_inh-free,0
6819,33,1,70,attraction,B,L,1,target,2460.0,0.78,0.65,0.63,12,15,14,2,0,1,True,True,True,[2 1 1 1 0 0 2 2 1 2 0],[0 0 0 1 0 0 0 1 1 1 1],"[0.133    0.342    0.141    0.183    0.191    0.133    0.208    0.166
 0.25     0.183    0.075478]",2,sb_int-multiplicative_comp-absolute_gbatt-true_gbalt-true_lk-free_inh-free,0
6820,33,1,71,attraction,A,R,0,target,3340.0,0.78,0.62,0.76,13,14,12,2,1,0,False,False,True,[1 2 2 1 2 1 1 0 0 0 1 2 2 0],[1 0 1 0 1 1 1 0 0 1 0 1 0 1],"[0.141    0.283    0.15     0.2      0.192    0.158    0.175    0.266
 0.133    0.267    0.166    0.208    0.233    0.210406]",0,sb_int-multiplicative_comp-absolute_gbatt-true_gbalt-true_lk-free_inh-free,0
6821,33,1,72,compromise,B,M,2,decoy,6080.0,0.72,0.62,0.55,13,14,20,2,0,1,False,False,False,[2 1 2 1 2 0 0 2 0 2 1 1 2 2 2 0 0 2 2 0 2 2 1],[1 1 0 0 1 1 1 1 0 0 0 1 1 0 1 1 1 1 0 0 1 1 1],"[0.141 0.383 0.225 0.233 0.233 0.275 0.083 0.275 0.208 0.158 0.317 0.292
 0.325 0.225 0.25  0.267 0.083 0.217 0.242 0.141 0.383 0.1   0.175]",2,sb_int-multiplicative_comp-absolute_gbatt-true_gbalt-true_lk-free_inh-free,0
6822,33,1,73,compromise,B,M,2,decoy,4520.0,0.75,0.62,0.58,12,15,19,0,2,1,True,False,True,[2 0 0 2 2 2 0 0 2 1 1 1 1 0 2 2 0 2],[0 0 1 1 1 1 0 1 0 0 0 1 1 0 0 1 0 0],"[0.15     0.425    0.292    0.083    0.233    0.116    0.3      0.25
 0.241    0.2      0.158    0.191    0.233    0.1      0.133    0.225
 0.35     0.087517]",2,sb_int-multiplicative_comp-absolute_gbatt-true_gbalt-true_lk-free_inh-free,0
6823,33,1,74,filler,,M,2,,6250.0,0.19,0.56,0.8,52,17,12,2,0,1,False,True,True,[2 1 1 2 2 2 2 2 0 0 2 2 1 1 1 0 0 2 2 2],[0 0 1 1 0 1 0 1 1 0 1 0 0 1 1 0 1 0 0 1],"[0.158    0.392    0.208    0.225    0.258    0.275    0.433    0.275
 0.517    0.192    0.225    0.208    0.308    0.266    0.183    0.25
 0.25     0.166    0.267    0.170122]",2,sb_int-multiplicative_comp-absolute_gbatt-true_gbalt-true_lk-free_inh-free,0
6824,33,1,75,compromise,B,R,2,decoy,7440.0,0.72,0.65,0.55,12,15,20,1,0,2,True,True,False,[0 1 1 1 0 0 2 2 2 0 0 1 1 1 0 1 1 0 1 2 2 2 2 1 2 2 2 2 0],[0 0 1 1 1 0 1 1 0 1 0 0 1 0 1 1 0 0 0 1 0 0 1 0 0 0 1 1 0],"[0.175    0.225    0.158    0.166    0.175    0.225    0.133    0.216
 0.166    0.175    0.233    0.325    0.308    0.241    0.233    0.125
 0.125    0.233    0.258    0.3      0.283    0.125    0.266    0.258
 0.208    0.141    0.392    0.083    0.299464]",2,sb_int-multiplicative_comp-absolute_gbatt-true_gbalt-true_lk-free_inh-free,0
6825,33,2,76,attraction,B,R,0,competitor,7520.0,0.72,0.62,0.6,12,14,13,2,1,0,False,True,True,[1 2 2 2 1 1 0 1 1 2 2 2 2 2 1 0 0 0 1 1 1 1 2 0 1 2 2 1 1 0],[0 0 1 1 0 0 1 0 0 0 1 1 0 0 1 0 1 1 0 1 1 0 0 1 0 1 1 0 0 1],"[0.1   0.317 0.183 0.2   0.208 0.183 0.208 0.208 0.292 0.241 0.2   0.175
 0.308 0.417 0.225 0.283 0.175 0.083 0.367 0.233 0.166 0.233 0.108 0.35
 0.2   0.125 0.091 0.225 0.108 0.2  ]",0,sb_int-multiplicative_comp-absolute_gbatt-true_gbalt-true_lk-free_inh-free,0
6826,33,2,77,attraction,A,M,0,target,2810.0,0.78,0.68,0.76,12,15,11,1,2,0,True,False,True,[2 2 0 1 1 0 2 2 0 0],[0 0 0 1 0 1 0 0 1 0],"[0.141    0.175    0.158    0.333    0.225    0.2      0.308    0.091
 0.2      0.143296]",1,sb_int-multiplicative_comp-absolute_gbatt-true_gbalt-true_lk-free_inh-free,0
6827,33,2,78,attraction,A,R,0,target,4290.0,0.75,0.65,0.73,11,15,10,2,0,1,True,False,True,[2 1 2 1 0 0 2 0 2 1 1 1 2 2 1 0 0],[0 1 1 0 0 0 1 1 0 1 1 0 1 0 1 0 0],"[0.175   0.417   0.158   0.233   0.116   0.258   0.116   0.166   0.183
 0.217   0.133   0.375   0.308   0.091   0.258   0.191   0.05161]",1,sb_int-multiplicative_comp-absolute_gbatt-true_gbalt-true_lk-free_inh-free,0
6828,33,2,79,filler,,R,2,,6850.0,0.27,0.61,0.89,37,16,11,0,1,2,True,False,True,[0 1 0 1 2 2 2 1 1 1 1 0 0 0 0 0 2 2 0 0 2 0 0 0 2 2],[0 0 1 1 1 1 0 0 1 1 0 1 0 1 0 1 1 0 0 0 0 0 1 1 1 0],"[0.258    0.15     0.158    0.208    0.158    0.158    0.25     0.216
 0.1      0.65     0.166    0.183    0.25     0.25     0.433    0.25
 0.175    0.091    0.25     0.116    0.225    0.208    0.258    0.175
 0.183    0.233437]",2,sb_int-multiplicative_comp-absolute_gbatt-true_gbalt-true_lk-free_inh-free,0
6829,33,2,80,compromise,A,L,0,target,4300.0,0.78,0.62,0.85,12,14,9,0,2,1,True,True,True,[2 0 2 2 0 2 2 0 1 1 2 2 0 2 2 0 0 1 1],[0 0 1 1 1 0 0 0 0 0 1 1 1 1 0 0 1 1 0],"[0.158 0.208 0.091 0.091 0.166 0.2   0.208 0.241 0.091 0.175 0.133 0.191
 0.241 0.175 0.267 0.258 0.292 0.225 0.191]",0,sb_int-multiplicative_comp-absolute_gbatt-true_gbalt-true_lk-free_inh-free,0
6830,33,2,81,compromise,B,M,0,competitor,2550.0,0.75,0.62,0.58,12,14,19,1,0,2,True,False,True,[0 1 1 0 0 2 2 0 0 0],[0 1 0 1 1 1 0 0 1 1],"[0.116    0.258    0.25     0.158    0.2      0.292    0.325    0.158
 0.141    0.112395]",0,sb_int-multiplicative_comp-absolute_gbatt-true_gbalt-true_lk-free_inh-free,0
6831,33,2,82,attraction,B,M,0,competitor,8610.0,0.72,0.65,0.63,12,14,13,1,0,2,False,True,False,[0 1 1 1 0 0 1 0 2 2 0 0 1 1 1 1 1 0 0 0 2 1 1 0 2 2 2 0 0 0 0 2 0 0],[1 0 0 1 1 1 0 0 1 0 1 1 1 0 0 1 1 0 1 1 0 1 0 0 0 0 1 0 1 1 0 0 0 0],"[0.175    0.183    0.133    0.225    0.125    0.141    0.183    0.158
 0.283    0.267    0.208    0.125    0.342    0.317    0.667    0.1
 0.358    0.125    0.325    0.183    0.125    0.141    0.292    0.208
 0.325    0.116    0.367    0.192    0.242    0.241    0.175    0.175
 0.091    0.066523]",0,sb_int-multiplicative_comp-absolute_gbatt-true_gbalt-true_lk-free_inh-free,0
6832,33,2,83,attraction,B,M,1,target,4630.0,0.75,0.62,0.6,11,15,14,2,1,0,False,False,False,[1 2 2 1 1 2 0 0 0 0 1 1 1 1 2 2 1 1 1],[1 1 1 0 0 0 1 1 0 0 0 1 1 0 1 0 0 1 1],"[0.2   0.191 0.158 0.208 0.158 0.217 0.083 0.358 0.116 0.1   0.191 0.258
 0.2   0.108 0.275 0.233 0.266 0.292 0.175]",1,sb_int-multiplicative_comp-absolute_gbatt-true_gbalt-true_lk-free_inh-free,0
6833,33,2,84,compromise,A,L,2,decoy,6740.0,0.75,0.68,0.88,11,15,10,1,2,0,True,True,True,[0 0 2 0 0 1 1 0 2 2 2 0 1 1 1 0 0 0 2 2 0 0 0 0 2],[1 0 0 0 0 0 1 1 1 0 0 0 0 1 0 0 1 1 1 0 0 0 1 1 1],"[0.183    0.125    0.225    0.15     0.175    0.292    0.242    0.175
 0.225    0.292    0.133    0.275    0.625    0.166    0.2      0.183
 0.091    0.217    0.317    0.542    0.091    0.183    0.191    0.141
 0.241541]",2,sb_int-multiplicative_comp-absolute_gbatt-true_gbalt-true_lk-free_inh-free,0
6834,33,2,85,compromise,B,M,1,target,7580.0,0.72,0.65,0.58,11,15,18,2,1,0,False,False,False,[1 2 1 0 0 0 1 1 2 1 1 1 1 2 2 1 1 1 1 2 1 1 2 2 2 1 0 1 0 0],[1 1 1 1 0 0 0 0 0 1 1 1 0 1 1 1 1 0 0 1 1 0 0 1 1 1 1 0 0 1],"[0.208    0.35     0.233    0.25     0.2      0.125    0.133    0.083
 0.2      0.1      0.291    0.15     0.191    0.108    0.083    0.217
 0.567    0.141    0.1      0.208    0.191    0.233    0.375    0.216
 0.158    0.325    0.15     0.108    0.233    0.110258]",1,sb_int-multiplicative_comp-absolute_gbatt-true_gbalt-true_lk-free_inh-free,0
6835,33,2,86,attraction,B,L,1,target,6950.0,0.78,0.68,0.66,11,14,13,1,0,2,False,False,True,[0 1 1 1 1 1 2 2 0 0 1 1 0 1 2 2 2 1 1 2 0 0 1 1],[1 1 0 0 1 1 0 1 1 1 1 1 1 0 0 0 1 1 1 0 1 1 1 1],"[0.175 0.383 0.141 0.2   0.15  0.191 0.408 0.2   0.158 0.266 0.283 0.175
 0.325 0.358 0.1   0.233 0.308 0.133 0.191 0.358 0.175 0.525 0.141 0.108]",1,sb_int-multiplicative_comp-absolute_gbatt-true_gbalt-true_lk-free_inh-free,0
6836,33,2,87,compromise,B,L,2,decoy,7690.0,0.72,0.65,0.55,11,15,19,2,1,0,False,True,False,[1 2 2 2 2 2 2 2 1 1 1 1 1 0 0 0 0 2 2 2 2 1 1 2 2 2 2],[0 1 1 0 0 1 1 0 0 0 0 1 1 1 0 0 1 1 1 1 0 0 1 1 1 0 1],"[0.208 0.133 0.2   0.191 0.183 0.45  0.65  0.233 0.308 0.233 0.175 0.2
 0.116 0.225 0.133 0.15  0.225 0.183 0.141 0.108 0.166 0.35  0.275 0.091
 0.308 0.216 0.333]",2,sb_int-multiplicative_comp-absolute_gbatt-true_gbalt-true_lk-free_inh-free,0
6837,33,2,88,compromise,B,M,2,decoy,2270.0,0.72,0.68,0.58,11,15,19,2,0,1,False,True,True,[2 1 2 1 1 2 2 2 0 0],[0 0 0 1 1 1 1 0 1 0],"[0.15     0.35     0.191    0.1      0.091    0.175    0.133    0.258
 0.275    0.054975]",0,sb_int-multiplicative_comp-absolute_gbatt-true_gbalt-true_lk-free_inh-free,0
6838,33,2,89,attraction,B,R,0,competitor,3680.0,0.72,0.62,0.6,12,15,14,2,0,1,False,False,False,[2 1 1 1 2 0 0 0 2 2 1 1 1 2 0 0],[1 1 0 0 0 1 1 0 1 1 1 0 0 0 0 1],"[0.191    0.241    0.233    0.116    0.216    0.191    0.108    0.35
 0.133    0.166    0.317    0.175    0.108    0.367    0.2      0.045774]",0,sb_int-multiplicative_comp-absolute_gbatt-true_gbalt-true_lk-free_inh-free,0
6839,33,2,90,attraction,B,M,0,competitor,3070.0,0.78,0.62,0.6,11,14,13,1,0,2,True,True,False,[0 1 1 0 0 0 0 2 2 2 0 1],[0 0 1 1 1 0 0 1 0 0 0 0],[0.141 0.241 0.208 0.133 0.108 0.083 0.116 0.35  0.183 0.1   0.292 0.4  ],0,sb_int-multiplicative_comp-absolute_gbatt-true_gbalt-true_lk-free_inh-free,0
6840,33,2,91,attraction,B,L,1,target,4380.0,0.75,0.68,0.66,11,14,13,2,0,1,False,True,True,[1 1 2 1 0 0 2 1 1 1 2 2 1 1],[0 0 0 1 0 1 1 0 1 0 1 0 1 0],"[0.1   0.216 0.283 0.1   0.292 0.3   0.216 0.275 0.225 0.242 0.225 0.492
 0.158 0.308]",1,sb_int-multiplicative_comp-absolute_gbatt-true_gbalt-true_lk-free_inh-free,0
6841,33,2,92,attraction,B,R,1,target,6760.0,0.78,0.62,0.6,11,15,14,0,2,1,False,False,False,[2 0 0 0 0 2 2 1 1 1 0 0 1 2 0 2 2 1 1 1 2 2 2 1 0 0 1],[1 1 0 1 0 0 1 1 0 0 1 1 1 1 1 0 0 0 1 1 1 0 0 0 0 1 1],"[0.141    0.216    0.208    0.208    0.166    0.191    0.241    0.317
 0.083    0.158    0.133    0.2      0.266    0.2      0.2      0.15
 0.183    0.25     0.091    0.2      0.242    0.2      0.083    0.158
 0.433    0.4      0.222708]",0,sb_int-multiplicative_comp-absolute_gbatt-true_gbalt-true_lk-free_inh-free,0
6842,33,2,93,attraction,B,M,1,target,6380.0,0.78,0.65,0.63,12,15,14,2,1,0,True,False,False,[1 2 2 2 1 0 0 0 1 1 1 1 2 2 2 1 1 1 1 1 2 2 2 2 1 1],[1 1 1 0 1 0 1 1 0 1 1 0 1 1 0 1 1 0 0 1 1 1 0 1 1 0],"[0.158    0.083    0.241    0.191    0.133    0.225    0.1      0.125
 0.233    0.35     0.183    0.2      0.191    0.4      0.392    0.183
 0.216    0.083    0.166    0.367    0.091    0.166    0.258    0.25
 0.275    0.076426]",1,sb_int-multiplicative_comp-absolute_gbatt-true_gbalt-true_lk-free_inh-free,0
6843,33,2,94,compromise,A,R,1,competitor,12180.0,0.78,0.68,0.88,11,15,10,1,2,0,True,True,False,"[0 2 2 2 2 0 1 0 1 1 2 2 2 2 0 0 0 0 0 0 1 1 1 1 1 1 1 1 1 0 0 2 2 2 2 2 0
 0 0 0 0 0 1 1 1 1]","[0 1 0 0 1 0 0 0 1 1 0 0 1 1 0 1 0 0 1 0 0 0 1 1 0 1 1 0 0 0 0 1 0 0 1 1 1
 1 0 1 1 0 0 0 0 1]","[0.166   0.25    0.233   0.258   0.358   0.292   0.275   0.467   0.2
 0.091   0.191   0.233   0.191   0.166   0.15    0.225   0.325   0.166
 0.241   0.242   0.317   0.242   0.267   0.133   0.267   0.258   0.609
 0.25    0.116   0.458   0.091   0.191   0.1     0.3     0.125   0.216
 0.1     0.125   0.392   0.116   0.192   0.158   0.158   0.116   0.183
 0.20606]",2,sb_int-multiplicative_comp-absolute_gbatt-true_gbalt-true_lk-free_inh-free,0
6844,33,2,95,attraction,B,R,1,target,4190.0,0.72,0.62,0.6,11,15,14,0,2,1,False,False,True,[2 0 0 0 0 2 1 1 2 2 2 2 2 1 1 1 1 2 2],[0 1 0 0 1 0 1 0 1 0 1 1 0 0 0 1 1 1 1],"[0.15     0.225    0.217    0.125    0.267    0.208    0.217    0.116
 0.241    0.266    0.091    0.1      0.258    0.158    0.166    0.2
 0.266    0.166    0.049376]",1,sb_int-multiplicative_comp-absolute_gbatt-true_gbalt-true_lk-free_inh-free,0
6845,33,2,96,filler,,M,1,,11260.0,0.32,0.6,0.78,31,16,12,2,1,0,False,True,False,"[1 2 2 2 1 1 1 0 1 1 1 0 0 0 1 1 1 2 2 1 2 2 1 1 1 1 1 0 0 0 0 1 1 1 0 0 0
 1 1]","[0 1 0 1 0 1 0 1 1 1 0 1 1 0 0 1 0 0 0 0 1 1 0 1 0 1 0 1 0 0 1 0 1 1 1 0 0
 0 0]","[0.141    0.3      0.216    0.158    0.166    0.233    0.183    0.675
 0.133    0.183    0.325    0.367    0.225    0.442    0.275    0.225
 0.325    0.25     0.091    0.083    0.267    0.125    0.1      0.141
 0.258    0.258    0.141    0.392    0.216    0.192    0.158    0.308
 0.141    0.125    0.342    0.183    0.2      0.125    0.251985]",1,sb_int-multiplicative_comp-absolute_gbatt-true_gbalt-true_lk-free_inh-free,0
6846,33,2,97,attraction,A,R,0,target,6670.0,0.72,0.65,0.7,11,15,10,2,0,1,True,False,True,[2 1 1 1 2 2 1 2 2 1 2 1 1 1 1 2 2 0 0 0 2 0 2 2],[0 1 1 1 0 0 0 1 0 1 0 0 0 1 1 0 1 0 1 1 0 0 1 0],"[0.216    0.317    0.592    0.266    0.108    0.283    0.225    0.267
 0.283    0.492    0.225    0.275    0.133    0.125    0.091    0.25
 0.35     0.258    0.208    0.1      0.241    0.191    0.133    0.085328]",1,sb_int-multiplicative_comp-absolute_gbatt-true_gbalt-true_lk-free_inh-free,0
6847,33,2,98,filler,,L,2,,4360.0,0.28,0.67,0.78,35,14,12,1,2,0,False,True,True,[0 2 2 2 2 0 0 1 1 1 1 0 2 2 2 0 0 0],[1 0 0 1 0 0 1 0 1 0 0 0 1 0 0 1 1 1],"[0.2      0.191    0.292    0.233    0.275    0.233    0.183    0.35
 0.15     0.1      0.258    0.15     0.233    0.225    0.091    0.225
 0.125    0.055263]",2,sb_int-multiplicative_comp-absolute_gbatt-true_gbalt-true_lk-free_inh-free,0
6848,33,2,99,compromise,A,R,0,target,4980.0,0.72,0.68,0.82,12,15,9,2,1,0,False,True,False,[1 2 2 1 2 1 0 0 2 2 2 1 1 1 0 0 0 0 1],[0 1 1 0 1 1 0 1 1 1 0 0 0 1 0 1 1 0 0],"[0.208    0.25     0.108    0.216    0.275    0.225    0.191    0.383
 0.133    0.175    0.183    0.166    0.208    0.275    0.233    0.108
 0.241    0.233    0.394834]",1,sb_int-multiplicative_comp-absolute_gbatt-true_gbalt-true_lk-free_inh-free,0
6849,33,2,100,compromise,A,R,0,target,5750.0,0.78,0.65,0.82,12,14,9,2,1,0,True,True,True,[1 1 2 2 2 2 1 0 0 1 2 2 1 1 2 2 2 2 2 0 2 0 0],[0 0 0 0 1 1 1 1 0 0 0 0 1 1 1 0 0 1 0 0 1 1 0],"[0.125    0.141    0.108    0.25     0.158    0.091    0.291    0.233
 0.233    0.233    0.1      0.183    0.116    0.15     0.225    0.108
 0.225    0.175    0.534    0.275    0.166    0.233    0.501373]",0,sb_int-multiplicative_comp-absolute_gbatt-true_gbalt-true_lk-free_inh-free,0
6850,33,2,101,filler,,L,1,,13530.0,0.24,0.37,0.76,41,27,13,2,0,1,False,False,True,"[2 1 1 1 1 2 2 2 2 2 0 0 0 0 2 1 1 1 1 1 1 0 0 0 0 0 0 0 0 1 1 2 2 2 2 2 1
 1 1 1 1 1 2 0 0 1 1]","[0 1 0 1 0 1 0 0 1 1 0 0 1 1 0 1 1 0 1 1 1 0 0 0 1 1 0 0 1 1 0 1 0 0 1 0 1
 0 1 0 0 1 0 1 1 1 0]","[0.25     0.517    0.258    0.266    0.358    0.15     0.108    0.216
 0.233    0.116    0.208    0.141    0.35     0.258    0.125    0.133
 0.283    0.508    0.116    0.25     0.141    0.216    0.342    0.091
 0.2      0.342    0.125    0.3      0.158    0.325    0.241    0.141
 0.108    0.675    0.283    0.5      0.292    0.275    0.458    0.358
 0.191    0.175    0.684    0.108    0.125    0.225    0.045057]",1,sb_int-multiplicative_comp-absolute_gbatt-true_gbalt-true_lk-free_inh-free,0
6851,33,2,102,filler,,R,1,,6000.0,0.27,0.47,0.86,37,21,11,1,2,0,False,False,True,[0 2 2 2 2 0 0 0 0 1 1 0 0 0 1 1 1 1 2 1 1 1],[1 0 0 1 1 0 1 1 0 1 0 1 1 0 1 0 0 1 0 0 1 0],"[0.158    0.225    0.241    0.216    0.208    0.166    0.3      0.191
 0.266    0.317    0.25     0.175    0.275    0.208    0.425    0.208
 0.158    0.258    0.25     0.2      0.417    0.034503]",2,sb_int-multiplicative_comp-absolute_gbatt-true_gbalt-true_lk-free_inh-free,0
6852,33,2,103,compromise,A,L,0,target,10160.0,0.75,0.65,0.82,12,15,9,0,1,2,False,True,True,[1 0 0 1 2 2 1 0 0 1 0 0 1 1 2 2 2 2 2 1 1 1 0 0 0 0 1 1 1 0 0 1 2 1 1 1 0],[0 1 0 0 0 1 0 1 1 1 0 0 0 0 1 1 0 1 0 0 1 1 1 1 0 0 0 1 0 1 0 0 0 1 1 0 1],"[0.175    0.225    0.342    0.225    0.292    0.158    0.2      0.091
 0.317    0.225    0.225    0.116    0.183    0.2      0.25     0.158
 0.25     0.308    0.392    0.367    0.108    0.083    0.166    0.242
 0.2      0.158    0.292    0.175    0.216    0.275    0.358    0.166
 0.317    0.258    0.216    0.283    0.155121]",1,sb_int-multiplicative_comp-absolute_gbatt-true_gbalt-true_lk-free_inh-free,0
6853,33,2,104,compromise,B,L,2,decoy,8180.0,0.72,0.62,0.55,12,14,19,1,2,0,False,True,False,[2 2 2 0 0 0 0 1 1 1 0 0 0 1 1 1 0 0 0 2 0 1 2 2 2 2 2 2],[1 1 0 1 1 0 0 1 0 1 0 1 0 1 1 0 1 0 1 1 0 0 1 0 0 1 0 1],"[0.233   0.1     0.191   0.1     0.208   0.175   0.158   0.216   0.483
 0.241   0.108   0.392   0.283   0.158   0.108   0.358   0.241   0.2
 0.25    0.392   0.2     0.267   0.267   0.166   0.091   0.367   0.258
 0.07322]",2,sb_int-multiplicative_comp-absolute_gbatt-true_gbalt-true_lk-free_inh-free,0
6854,33,2,105,filler,,M,2,,4100.0,0.19,0.56,0.8,52,17,12,0,2,1,False,False,False,[2 0 2 1 1 0 0 2 0 2 2 2],[1 1 1 1 0 0 1 0 1 1 0 1],"[0.2      0.375    0.116    0.317    0.166    0.367    0.225    0.242
 0.2      0.25     0.325    0.340521]",2,sb_int-multiplicative_comp-absolute_gbatt-true_gbalt-true_lk-free_inh-free,0
6855,33,2,106,attraction,A,R,0,target,3260.0,0.78,0.62,0.76,12,14,11,2,0,1,False,True,False,[2 2 1 0 0 2 2 2 0 1 1 1],[1 0 1 1 0 1 1 0 1 0 1 1],"[0.266    0.191    0.233    0.317    0.216    0.225    0.216    0.25
 0.208    0.3      0.1      0.153326]",0,sb_int-multiplicative_comp-absolute_gbatt-true_gbalt-true_lk-free_inh-free,0
6856,33,2,107,attraction,A,L,0,target,2850.0,0.78,0.62,0.76,11,15,10,0,1,2,False,False,False,[1 1 0 2 1 0 2 2 0 1],[1 0 1 1 1 0 0 1 1 1],"[0.3      0.158    0.2      0.333    0.191    0.225    0.25     0.25
 0.233    0.106994]",0,sb_int-multiplicative_comp-absolute_gbatt-true_gbalt-true_lk-free_inh-free,0
6857,33,2,108,compromise,B,R,2,decoy,12350.0,0.72,0.68,0.58,12,14,19,1,0,2,True,False,False,"[0 1 0 1 2 0 0 2 0 1 0 2 2 0 1 1 1 1 1 1 1 0 0 0 0 0 0 0 1 1 1 0 0 0 0 2 2
 2 2]","[0 1 0 0 1 0 1 0 1 1 0 1 1 0 0 0 1 1 0 1 1 0 0 1 1 1 0 1 0 1 1 0 1 0 1 0 1
 1 0]","[0.175 0.3   0.333 0.216 0.442 0.166 0.208 0.333 0.141 0.25  0.083 0.175
 0.141 0.175 0.083 0.158 0.241 0.55  0.283 0.492 0.634 0.408 0.191 0.091
 0.267 0.208 0.5   0.333 0.175 0.175 0.834 0.158 0.158 0.225 0.258 0.241
 0.267 0.283 0.233]",2,sb_int-multiplicative_comp-absolute_gbatt-true_gbalt-true_lk-free_inh-free,0
6858,33,2,109,compromise,A,L,0,target,6510.0,0.78,0.68,0.82,12,15,10,0,2,1,True,True,True,[2 0 0 1 2 2 1 0 1 1 2 2 0 0 0 0 2 0 0 0],[0 0 1 1 0 0 0 0 0 1 1 1 1 0 0 1 1 0 1 1],"[0.158   0.25    0.116   0.425   0.116   0.083   0.15    0.433   0.108
 0.216   0.183   0.15    0.233   0.208   0.225   0.2     0.392   0.233
 0.183   0.14658]",0,sb_int-multiplicative_comp-absolute_gbatt-true_gbalt-true_lk-free_inh-free,0
6859,33,2,110,attraction,A,M,1,competitor,4180.0,0.75,0.65,0.73,12,15,11,0,1,2,False,True,False,[0 0 0 0 2 2 1 1 1 1 0 2 1 1 1 0],[1 0 0 1 1 1 1 1 0 0 0 0 0 1 1 1],"[0.2   0.175 0.191 0.175 0.166 0.15  0.183 0.141 0.2   0.116 0.2   0.275
 0.241 0.133 0.091 0.283]",0,sb_int-multiplicative_comp-absolute_gbatt-true_gbalt-true_lk-free_inh-free,0
6860,33,2,111,filler,,L,2,,8130.000000000001,0.29,0.42,0.72,34,23,13,2,1,0,False,False,True,[1 2 2 2 1 1 1 0 0 0 2 2 2 2 2 2 1 1 2 2 2 2],[1 0 1 1 0 0 0 1 0 0 0 1 1 0 0 1 0 0 0 0 1 0],"[0.2     0.158   0.15    0.15    0.158   0.15    0.35    0.091   0.1
 0.292   0.575   0.175   0.183   0.35    0.1     0.325   0.308   0.141
 0.217   0.175   0.091   0.51061]",2,sb_int-multiplicative_comp-absolute_gbatt-true_gbalt-true_lk-free_inh-free,0
6861,33,2,112,filler,,M,1,,7770.0,0.31,0.38,0.85,32,26,11,0,1,2,True,False,True,[0 0 0 1 1 0 0 0 1 2 1 1 1 1 1 1 0 0 0 0 0 1 1 1],[0 0 0 0 1 0 0 1 1 1 1 0 0 0 1 0 1 0 0 1 0 0 0 1],"[0.133    0.233    0.308    0.141    0.141    0.25     0.091    0.275
 0.133    0.35     0.267    0.083    0.25     0.2      0.233    0.1
 0.342    0.367    0.292    0.158    0.283    0.083    0.125    0.158833]",2,sb_int-multiplicative_comp-absolute_gbatt-true_gbalt-true_lk-free_inh-free,0
6862,33,2,113,compromise,A,R,1,competitor,4910.0,0.78,0.68,0.88,12,15,9,0,2,1,False,True,True,[2 0 0 0 0 2 0 0 0 0 0 2 1 1 1 1 0 0 0],[0 1 0 0 1 0 1 1 1 0 1 0 0 0 1 1 0 0 1],"[0.158    0.183    0.2      0.1      0.292    0.283    0.233    0.242
 0.45     0.241    0.225    0.25     0.308    0.216    0.083    0.225
 0.216    0.091    0.217954]",0,sb_int-multiplicative_comp-absolute_gbatt-true_gbalt-true_lk-free_inh-free,0
6863,33,2,114,compromise,A,M,2,decoy,8220.0,0.75,0.62,0.88,11,15,10,0,2,1,False,True,True,[0 0 0 0 0 2 2 1 0 0 0 0 0 0 2 2 1 1 2 2 2 0 0 0 0 2 2],[1 1 0 1 1 0 0 0 1 1 0 1 0 0 0 0 0 1 1 1 0 1 0 1 1 0 0],"[0.091 0.267 0.275 0.291 0.333 0.183 0.208 0.225 0.158 0.233 0.241 1.71
 0.091 0.083 0.25  0.242 0.283 0.225 0.2   0.166 0.283 0.183 0.275 0.091
 0.175 0.175 0.083]",2,sb_int-multiplicative_comp-absolute_gbatt-true_gbalt-true_lk-free_inh-free,0
6864,33,2,115,attraction,A,R,0,target,2420.0,0.75,0.65,0.73,12,15,11,2,0,1,True,True,True,[2 1 1 2 0 0 2 2 1 1],[0 0 1 1 1 0 0 0 0 0],"[0.108    0.241    0.191    0.225    0.242    0.283    0.367    0.1
 0.15     0.075115]",1,sb_int-multiplicative_comp-absolute_gbatt-true_gbalt-true_lk-free_inh-free,0
6865,33,2,116,compromise,B,L,0,competitor,7690.0,0.72,0.62,0.55,12,14,19,0,2,1,True,True,True,[2 0 2 1 2 2 0 0 0 2 0 2 2 0 0 2 1 2 2 0 0 1 0 0],[0 0 0 0 0 0 0 0 0 0 0 0 0 0 0 0 0 0 1 1 1 1 1 0],"[0.116    0.467    0.116    0.317    0.158    0.158    0.083    0.217
 0.083    0.291    0.258    0.392    0.433    0.333    0.442    0.283
 0.233    0.358    0.141    0.125    0.125    0.292    0.141    0.120713]",0,sb_int-multiplicative_comp-absolute_gbatt-true_gbalt-true_lk-free_inh-free,0
6866,33,2,117,attraction,B,M,0,competitor,4000.0,0.78,0.62,0.6,12,15,14,1,0,2,True,False,False,[1 1 0 1 1 2 2 0 0 1 2 2 0 1 0],[1 1 0 0 0 1 1 1 1 1 0 1 0 0 0],"[0.116    0.217    0.175    0.1      0.091    0.083    0.266    0.1
 0.208    0.317    0.292    0.258    0.258    0.258    0.307889]",0,sb_int-multiplicative_comp-absolute_gbatt-true_gbalt-true_lk-free_inh-free,0
6867,33,2,118,attraction,A,L,0,target,2360.0,0.75,0.65,0.73,12,14,11,0,1,2,False,False,False,[1 1 0 2 0 0 1 2 2 0],[1 1 1 1 0 0 0 0 1 1],"[0.125   0.158   0.191   0.283   0.083   0.133   0.233   0.283   0.208
 0.11193]",1,sb_int-multiplicative_comp-absolute_gbatt-true_gbalt-true_lk-free_inh-free,0
6868,33,2,119,compromise,B,L,1,target,7510.0,0.72,0.65,0.52,12,15,18,2,0,1,False,False,False,[1 0 0 0 2 1 1 2 2 2 1 2 2 2 1 2 2 0 0 1 1 1 1 1 1 1 0 0 0 0 1 2],[1 1 1 0 0 0 0 0 1 1 1 0 0 0 1 1 1 1 1 1 1 0 0 1 0 0 0 1 1 0 0 0],"[0.183    0.166    0.208    0.217    0.208    0.217    0.158    0.175
 0.25     0.133    0.267    0.166    0.083    0.083    0.25     0.158
 0.25     0.116    0.1      0.183    0.208    0.167    0.208    0.609
 0.1      0.091    0.25     0.258    0.233    0.216    0.258    0.217775]",0,sb_int-multiplicative_comp-absolute_gbatt-true_gbalt-true_lk-free_inh-free,0
6869,33,2,120,compromise,B,L,0,competitor,2280.0,0.78,0.65,0.52,12,14,18,0,1,2,True,False,False,[1 0 0 0 1 0 0 2 1],[1 0 0 1 0 0 0 1 1],[0.116 0.133 0.15  0.267 0.183 0.2   0.125 0.35  0.317],0,sb_int-multiplicative_comp-absolute_gbatt-true_gbalt-true_lk-free_inh-free,0
6870,33,2,121,attraction,A,M,0,target,6170.0,0.72,0.65,0.7,11,14,10,1,0,2,False,True,True,[0 1 1 0 2 2 1 1 0 0 2 2 1 0 0 0 2 2 2 0 1 1 1 1 1 0],[1 0 1 0 1 0 0 0 1 1 0 0 1 0 1 1 0 0 1 0 1 0 0 1 0 1],"[0.141    0.217    0.158    0.217    0.225    0.175    0.233    0.1
 0.383    0.217    0.125    0.1      0.233    0.217    0.116    0.291
 0.166    0.116    0.25     0.175    0.258    0.108    0.333    0.283
 0.175    0.111265]",0,sb_int-multiplicative_comp-absolute_gbatt-true_gbalt-true_lk-free_inh-free,0
6871,33,2,122,compromise,A,L,0,target,7780.0,0.78,0.65,0.82,12,14,10,0,1,2,True,False,False,[0 0 0 0 1 2 2 1 0 1 1 2 2 2 1 0 0 0 0 2 1 1 1 1 1 1 2 0 0 0 0],[0 0 0 0 0 0 1 1 1 1 1 1 0 0 0 1 0 0 1 1 1 1 0 0 1 1 1 0 1 1 0],"[0.116    0.325    0.233    0.166    0.216    0.2      0.125    0.266
 0.225    0.208    0.183    0.508    0.242    0.108    0.258    0.108
 0.275    0.158    0.1      0.208    0.141    0.233    0.158    0.192
 0.141    0.316    0.283    0.317    0.091    0.166    0.096607]",0,sb_int-multiplicative_comp-absolute_gbatt-true_gbalt-true_lk-free_inh-free,0
6872,33,2,123,attraction,A,M,0,target,4440.0,0.72,0.62,0.7,12,15,11,1,2,0,True,True,False,[0 2 2 0 0 1 1 1 0 2 2 2 0 0 2 0],[0 1 0 0 1 0 1 0 0 1 0 1 1 1 1 0],"[0.125    0.308    0.258    0.325    0.225    0.375    0.2      0.3
 0.191    0.125    0.191    0.133    0.166    0.133    0.208    0.153295]",0,sb_int-multiplicative_comp-absolute_gbatt-true_gbalt-true_lk-free_inh-free,0
6873,33,2,124,compromise,B,R,0,competitor,4820.0,0.75,0.65,0.55,12,14,18,2,1,0,True,True,False,[1 2 2 1 0 0 1 1 1 1 2 2 2 1 1 2 0 0 0],[0 1 0 1 0 1 0 0 1 0 1 1 0 1 0 1 0 1 0],"[0.175    0.216    0.142    0.183    0.358    0.258    0.133    0.133
 0.183    0.275    0.166    0.183    0.317    0.15     0.15     0.275
 0.208    0.408    0.157608]",0,sb_int-multiplicative_comp-absolute_gbatt-true_gbalt-true_lk-free_inh-free,0
6874,33,2,125,attraction,B,L,1,target,10150.0,0.78,0.65,0.63,11,15,14,1,0,2,True,False,False,"[0 1 1 1 0 0 0 0 0 1 1 1 2 2 0 0 0 1 1 1 1 2 2 2 0 2 1 1 1 1 1 2 2 1 0 0 1
 0 0 0 1 0]","[0 1 1 0 0 1 1 0 1 1 1 0 1 1 0 1 1 1 1 1 0 1 1 0 0 1 1 1 0 1 0 1 1 1 0 0 1
 0 1 0 0 0]","[0.15     0.25     0.15     0.258    0.267    0.116    0.141    0.266
 0.108    0.108    0.175    0.158    0.166    0.225    0.2      0.183
 0.108    0.25     0.116    0.083    0.2      0.158    0.166    0.225
 0.116    0.158    0.175    0.133    0.233    0.242    0.166    0.175
 0.217    0.5      0.125    0.4      0.4      0.183    0.183    0.2
 0.241    0.218221]",0,sb_int-multiplicative_comp-absolute_gbatt-true_gbalt-true_lk-free_inh-free,0
6875,33,2,126,compromise,A,L,0,target,4460.0,0.72,0.68,0.82,12,15,9,0,2,1,False,False,True,[2 0 0 2 2 1 0 1 2 2 2 0 0 1],[0 1 0 1 0 1 1 0 0 0 1 0 1 0],"[0.183 0.233 0.283 0.25  0.292 0.4   0.275 0.475 0.175 0.15  0.208 0.3
 0.35  0.242]",1,sb_int-multiplicative_comp-absolute_gbatt-true_gbalt-true_lk-free_inh-free,0
6876,33,2,127,filler,,R,2,,2850.0,0.19,0.59,0.81,52,16,12,1,0,2,True,True,False,[0 1 1 0 0 0 2 2 2 0 0],[0 0 1 1 0 0 1 0 0 0 0],"[0.125    0.283    0.3      0.225    0.258    0.175    0.509    0.191
 0.158    0.158    0.083086]",0,sb_int-multiplicative_comp-absolute_gbatt-true_gbalt-true_lk-free_inh-free,0
6877,33,2,128,compromise,A,L,0,target,5350.0,0.78,0.68,0.85,11,15,9,0,2,1,False,False,False,[2 0 1 1 2 2 0 0 1 1 0 2 2 2 0 0 1 1 1 1 0],[1 1 1 1 0 0 0 1 1 0 0 0 0 1 1 1 1 1 0 1 1],"[0.225    0.183    0.108    0.175    0.116    0.217    0.233    0.358
 0.342    0.258    0.325    0.141    0.125    0.35     0.15     0.217
 0.325    0.083    0.333    0.267    0.065148]",2,sb_int-multiplicative_comp-absolute_gbatt-true_gbalt-true_lk-free_inh-free,0
6878,33,2,129,compromise,B,M,1,target,8109.999999999999,0.75,0.68,0.55,11,14,18,0,1,2,True,True,False,[1 1 0 0 1 1 2 2 1 1 2 2 1 1 0 0 0 0 1 1 1 2 2 2 1 1 0 0 0 0 1 1 1 0 1 1],[0 0 0 0 0 0 1 0 1 1 1 1 1 0 0 0 1 1 1 0 1 0 0 1 0 1 1 1 0 0 0 0 1 1 1 0],"[0.125    0.158    0.233    0.559    0.108    0.141    0.233    0.225
 0.133    0.083    0.375    0.2      0.208    0.35     0.333    0.225
 0.083    0.191    0.15     0.225    0.125    0.116    0.133    0.442
 0.175    0.175    0.091    0.083    0.175    0.133    0.108    0.216
 0.25     0.308    0.158    0.101746]",1,sb_int-multiplicative_comp-absolute_gbatt-true_gbalt-true_lk-free_inh-free,0
6879,33,2,130,attraction,A,M,0,target,4050.0,0.78,0.68,0.76,11,15,10,1,2,0,True,True,True,[2 2 0 1 1 0 0 2 2 2 0 1 1 0 2 2 0],[0 0 0 0 0 0 1 1 0 0 0 0 0 1 1 1 1],"[0.108 0.275 0.183 0.291 0.308 0.241 0.225 0.25  0.125 0.216 0.275 0.283
 0.083 0.191 0.1   0.2   0.091]",1,sb_int-multiplicative_comp-absolute_gbatt-true_gbalt-true_lk-free_inh-free,0
6880,33,2,131,attraction,B,M,0,competitor,11080.0,0.78,0.65,0.63,12,15,14,1,0,2,False,True,True,[0 1 1 0 0 2 2 0 0 2 2 0 1 1 1 1 1 1 0 0 0 2 2 2 2 2 2 2 2 2 2 1 1 0 0 0 0],[1 0 1 1 1 0 0 1 1 1 1 0 1 0 0 1 1 0 0 0 1 1 1 0 0 0 0 1 0 1 1 0 0 0 0 1 1],"[0.116    0.442    0.158    0.141    0.091    0.133    0.317    0.467
 0.208    0.1      0.141    0.116    0.216    0.342    0.575    0.266
 0.166    0.183    0.125    0.3      0.525    0.2      0.241    0.375
 0.233    0.45     0.258    0.258    0.792    0.175    0.133    0.167
 0.216    0.233    0.1      0.317    0.191552]",0,sb_int-multiplicative_comp-absolute_gbatt-true_gbalt-true_lk-free_inh-free,0
6881,33,2,132,compromise,A,R,0,target,4080.0,0.72,0.65,0.82,12,15,9,2,1,0,False,False,True,[1 1 2 1 0 2 1 1 0 0 0 0 0],[1 0 0 1 0 1 0 1 0 0 1 0 1],"[0.158    0.108    0.225    0.308    0.183    0.367    0.241    0.375
 0.208    0.108    0.292    0.333    0.328714]",0,sb_int-multiplicative_comp-absolute_gbatt-true_gbalt-true_lk-free_inh-free,0
6882,33,2,133,compromise,B,L,0,competitor,5880.0,0.72,0.62,0.58,11,14,19,0,1,2,True,True,True,[1 0 0 1 2 2 1 0 0 1 1 1 1 0 0 1 0 1 2 2 2 0 0 1],[0 0 0 0 0 1 1 1 0 1 1 0 0 0 0 0 1 1 1 1 0 0 0 0],"[0.158    0.208    0.233    0.216    0.267    0.2      0.183    0.283
 0.217    0.091    0.158    0.609    0.333    0.158    0.141    0.292
 0.158    0.217    0.1      0.125    0.125    0.166    0.125    0.208176]",2,sb_int-multiplicative_comp-absolute_gbatt-true_gbalt-true_lk-free_inh-free,0
6883,33,2,134,attraction,B,L,0,competitor,8410.0,0.72,0.62,0.6,12,15,14,0,1,2,False,False,True,[1 0 0 1 2 1 0 0 0 0 0 1 1 2 2 1 1 0 0 1 1 2 2 0 0 0 1 0 1 2],[1 1 1 1 1 0 0 0 1 1 1 1 1 1 1 0 1 1 0 0 0 0 0 1 0 1 1 0 0 1],"[0.158    0.2      0.15     0.367    0.308    0.241    0.266    0.141
 0.158    0.141    0.233    0.267    0.851    0.367    0.166    0.191
 0.116    0.2      0.233    0.283    0.292    0.258    0.3      0.175
 0.2      0.241    0.15     0.166    0.233    0.154284]",0,sb_int-multiplicative_comp-absolute_gbatt-true_gbalt-true_lk-free_inh-free,0
6884,33,2,135,attraction,A,M,1,competitor,4140.0,0.72,0.65,0.7,11,15,10,2,1,0,False,False,False,[2 2 1 0 1 2 0 0 1 2 1 1 2 2 1 0],[1 1 1 1 1 1 1 0 0 0 1 0 0 1 1 1],"[0.116 0.141 0.125 0.233 0.25  0.158 0.2   0.2   0.166 0.116 0.358 0.191
 0.267 0.167 0.208 0.233]",1,sb_int-multiplicative_comp-absolute_gbatt-true_gbalt-true_lk-free_inh-free,0
6885,33,2,136,compromise,B,L,2,decoy,10120.0,0.78,0.62,0.55,12,14,19,1,2,0,True,False,False,"[0 2 2 2 1 1 1 0 2 0 2 2 2 2 2 1 1 1 1 1 0 2 0 0 1 0 0 1 1 1 1 1 1 1 2 2 2
 2 0 0]","[0 1 0 0 1 1 0 0 1 1 0 1 0 1 1 0 0 1 0 1 0 0 1 0 0 1 1 1 1 0 1 0 1 1 1 0 1
 1 1 0]","[0.175   0.275   0.191   0.225   0.141   0.191   0.241   0.141   0.225
 0.233   0.275   0.45    0.233   0.125   0.108   0.15    0.208   0.283
 0.217   0.325   0.308   0.125   0.25    0.266   0.116   0.2     0.158
 0.192   0.083   0.458   0.292   0.283   0.166   0.125   0.175   0.183
 0.25    0.158   0.108   0.17506]",0,sb_int-multiplicative_comp-absolute_gbatt-true_gbalt-true_lk-free_inh-free,0
6886,33,2,137,attraction,B,L,1,target,5530.0,0.72,0.68,0.66,12,14,13,2,0,1,True,True,True,[2 1 1 1 2 0 2 2 1 1 2 2 2 0 0 0 0 0 0 1 1 1 2 2 2],[0 0 0 1 1 1 1 1 1 0 0 0 1 1 0 0 1 1 0 0 1 0 1 1 0],"[0.15     0.241    0.083    0.15     0.208    0.267    0.108    0.091
 0.266    0.2      0.25     0.266    0.258    0.217    0.1      0.3
 0.15     0.1      0.216    0.267    0.283    0.125    0.091    0.191
 0.038255]",0,sb_int-multiplicative_comp-absolute_gbatt-true_gbalt-true_lk-free_inh-free,0
6887,33,2,138,filler,,L,2,,6490.0,0.16,0.46,0.87,62,21,11,2,1,0,False,True,True,[2 2 2 1 0 0 0 0 0 0 1 1 1 1 1 1 1 2 2 1 1 2 2 2 2],[0 0 1 0 1 0 0 1 1 0 1 1 0 0 1 0 0 0 0 1 0 0 1 1 0],"[0.108    0.383    0.183    0.225    0.375    0.108    0.091    0.125
 0.25     0.325    0.233    0.183    0.208    0.2      0.291    0.283
 0.15     0.192    0.233    0.267    0.158    0.358    0.183    0.166
 0.237339]",2,sb_int-multiplicative_comp-absolute_gbatt-true_gbalt-true_lk-free_inh-free,0
6888,33,2,139,attraction,B,L,0,competitor,4680.0,0.75,0.65,0.63,11,14,13,0,1,2,True,False,False,[0 0 0 1 1 0 2 2 1 1 0 0 0 1 1 1 2 2 1 0 0 0 0],[0 0 0 0 0 1 1 1 1 0 0 0 0 1 0 0 0 1 1 1 0 0 0],"[0.125    0.15     0.1      0.083    0.175    0.141    0.141    0.175
 0.166    0.083    0.091    0.2      0.108    0.275    0.233    0.108
 0.108    0.458    0.233    0.133    0.208    0.233    0.049925]",0,sb_int-multiplicative_comp-absolute_gbatt-true_gbalt-true_lk-free_inh-free,0
6889,33,2,140,compromise,B,M,1,target,5250.0,0.72,0.68,0.55,11,14,19,0,1,2,False,False,False,[0 0 1 1 2 2 2 1 0 0 2 2 0 0 1 0 1 1 2 1 1 1 1 1],[1 1 1 1 1 1 0 0 0 0 0 0 1 1 1 0 0 1 1 1 1 0 0 1],"[0.141   0.116   0.091   0.141   0.108   0.191   0.141   0.183   0.208
 0.183   0.158   0.175   0.192   0.116   0.216   0.15    0.175   0.317
 0.242   0.208   0.225   0.291   0.141   0.34912]",1,sb_int-multiplicative_comp-absolute_gbatt-true_gbalt-true_lk-free_inh-free,0
6890,33,2,141,attraction,A,L,0,target,3780.0,0.72,0.65,0.7,12,15,11,0,1,2,False,True,False,[1 0 1 0 0 1 2 2 0 0 0 1 1 2 2 0 0],[0 1 0 0 1 1 1 1 1 0 0 0 0 0 1 1 1],"[0.1      0.258    0.116    0.158    0.15     0.208    0.208    0.2
 0.266    0.175    0.141    0.183    0.175    0.191    0.233    0.116
 0.062804]",0,sb_int-multiplicative_comp-absolute_gbatt-true_gbalt-true_lk-free_inh-free,0
6891,33,2,142,compromise,A,R,0,target,5280.0,0.78,0.62,0.85,11,15,9,2,0,1,False,False,False,[2 1 1 1 2 2 2 2 1 1 1 0 0 0 0 0 1 0 1 1 1 0 2],[1 1 1 0 1 1 0 0 0 0 1 1 1 0 1 1 1 0 0 1 1 1 1],"[0.116    0.233    0.1      0.083    0.091    0.2      0.208    0.158
 0.083    0.292    0.191    0.208    0.183    0.3      0.258    0.15
 0.333    0.158    0.275    0.175    0.208    0.3      0.041492]",1,sb_int-multiplicative_comp-absolute_gbatt-true_gbalt-true_lk-free_inh-free,0
6892,33,2,143,attraction,A,M,0,target,3790.0,0.72,0.68,0.7,11,14,10,1,2,0,True,False,True,[0 2 2 2 0 1 1 1 0 2 2 2 0 0 1],[0 0 0 0 1 1 0 0 0 0 1 0 1 0 1],"[0.191   0.183   0.1     0.208   0.166   0.317   0.15    0.133   0.225
 0.216   0.175   0.392   0.2     0.325   0.04892]",1,sb_int-multiplicative_comp-absolute_gbatt-true_gbalt-true_lk-free_inh-free,0
6893,33,2,144,compromise,A,R,0,target,15430.0,0.75,0.65,0.85,12,15,10,2,1,0,False,True,False,"[1 1 2 2 0 0 1 1 1 1 2 2 1 0 0 0 0 0 1 0 0 2 2 2 1 1 1 2 2 0 1 1 0 0 0 0 0
 0 0 0 0 1 1 2 1 2 2 2 2 2 2 1 1 1 1 2 0 0 2 2 0 0]","[0 0 1 1 1 1 1 1 0 0 0 0 1 1 1 1 1 1 1 1 1 1 1 1 1 1 0 1 1 1 1 1 1 1 1 1 1
 0 1 1 0 1 0 1 1 1 0 0 1 0 0 0 0 0 1 1 1 0 0 1 1 1]","[0.15     0.125    0.1      0.166    0.241    0.091    0.158    0.125
 0.1      0.158    0.2      0.083    0.15     0.266    0.091    0.333
 0.091    0.217    0.1      0.258    0.258    0.166    0.133    0.125
 0.2      0.333    0.175    0.208    0.534    0.258    0.1      0.275
 0.125    0.5      0.133    0.35     0.225    0.241    0.133    0.191
 0.15     0.175    0.266    0.141    0.166    0.183    0.15     0.133
 0.25     0.217    0.091    0.116    0.1      0.125    0.267    0.191
 0.317    0.283    0.25     0.133    0.108    0.074089]",2,sb_int-multiplicative_comp-absolute_gbatt-true_gbalt-true_lk-free_inh-free,0
6894,33,2,145,compromise,B,R,0,competitor,2510.0,0.75,0.62,0.58,11,15,18,2,1,0,False,True,True,[1 2 2 2 2 1 1 0 0 1 1 0],[0 0 0 1 1 1 1 0 1 0 0 0],"[0.133    0.1      0.15     0.158    0.125    0.133    0.108    0.275
 0.25     0.35     0.108    0.170003]",1,sb_int-multiplicative_comp-absolute_gbatt-true_gbalt-true_lk-free_inh-free,0
6895,33,2,146,compromise,A,R,0,target,5150.0,0.75,0.62,0.88,12,15,9,2,0,1,False,False,True,[2 1 1 1 2 2 0 2 2 0 0 0 1 1 1 0 0 0],[0 1 0 1 1 0 1 1 1 0 1 0 1 0 1 1 0 0],"[0.175    0.266    0.141    0.25     0.166    0.208    0.233    0.125
 0.275    0.208    0.367    0.15     0.3      0.283    0.225    0.508
 0.091    0.095449]",2,sb_int-multiplicative_comp-absolute_gbatt-true_gbalt-true_lk-free_inh-free,0
6896,33,2,147,attraction,A,M,0,target,3590.0,0.75,0.65,0.73,12,14,11,1,0,2,False,False,True,[0 1 2 2 0 0 2 1 2 0 0 0 0 1],[1 1 0 0 1 0 1 0 0 0 0 1 1 0],"[0.116    0.275    0.191    0.116    0.133    0.175    0.267    0.191
 0.275    0.116    0.141    0.5      0.166    0.179877]",0,sb_int-multiplicative_comp-absolute_gbatt-true_gbalt-true_lk-free_inh-free,0
6897,33,2,148,filler,,L,2,,3630.0,0.32,0.48,0.85,31,20,11,2,1,0,False,True,True,[1 2 2 1 2 1 1 0 0 2 2 2 2 1 1],[0 0 0 1 1 0 1 0 1 0 0 0 1 0 0],"[0.166 0.175 0.241 0.166 0.233 0.3   0.233 0.216 0.233 0.158 0.233 0.108
 0.116 0.116 0.108]",2,sb_int-multiplicative_comp-absolute_gbatt-true_gbalt-true_lk-free_inh-free,0
6898,33,2,149,attraction,A,L,0,target,5130.0,0.75,0.68,0.73,11,14,10,0,2,1,True,False,True,[2 2 0 2 0 1 1 1 2 2 0 2 1 2 2 0 0 2 2 2 1],[0 0 0 0 1 0 0 0 0 0 1 0 1 1 1 1 0 1 0 0 1],"[0.116    0.15     0.342    0.2      0.183    0.116    0.233    0.175
 0.191    0.158    0.35     0.375    0.233    0.133    0.108    0.283
 0.283    0.233    0.125    0.191    0.233121]",1,sb_int-multiplicative_comp-absolute_gbatt-true_gbalt-true_lk-free_inh-free,0
6899,33,2,150,compromise,B,L,2,decoy,6870.0,0.72,0.68,0.52,12,15,19,2,1,0,False,True,True,[1 1 1 2 2 2 2 2 0 0 1 1 2 1 2 1 1 1 0 0 0 1 1 2 2 2 2 2 2],[0 1 1 0 1 0 0 1 1 1 0 1 0 1 1 0 0 1 0 0 1 0 1 0 0 1 1 0 0],"[0.317    0.108    0.125    0.208    0.191    0.2      0.091    0.267
 0.158    0.175    0.225    0.1      0.383    0.317    0.216    0.108
 0.275    0.183    0.15     0.166    0.375    0.267    0.116    0.2
 0.158    0.133    0.083    0.208    0.182959]",1,sb_int-multiplicative_comp-absolute_gbatt-true_gbalt-true_lk-free_inh-free,0
6900,33,3,151,attraction,B,R,0,competitor,3750.0,0.72,0.62,0.6,12,14,13,2,0,1,False,True,False,[2 1 1 2 0 0 0 2 2 1 1 1 2 0 0 0 2],[1 0 0 1 0 1 1 0 0 1 0 0 1 1 0 1 0],"[0.125 0.1   0.091 0.208 0.258 0.108 0.233 0.133 0.158 0.175 0.166 0.1
 0.241 0.183 0.141 0.183 0.166]",0,sb_int-multiplicative_comp-absolute_gbatt-true_gbalt-true_lk-free_inh-free,0
6901,33,3,152,compromise,B,M,0,competitor,6180.0,0.78,0.62,0.55,12,14,19,1,0,2,True,True,False,[0 1 0 1 2 2 1 0 0 1 1 0 1 2 2 2 2 0 0 1 1],[0 0 1 1 1 1 1 0 0 0 0 0 1 1 1 0 1 1 0 0 1],"[0.191 0.275 0.217 0.225 0.116 0.283 0.241 0.108 0.233 0.175 0.208 0.125
 0.241 0.15  0.442 0.2   0.116 0.166 0.233 0.308 0.091]",0,sb_int-multiplicative_comp-absolute_gbatt-true_gbalt-true_lk-free_inh-free,0
6902,33,3,153,attraction,A,R,0,target,2170.0,0.78,0.68,0.76,12,15,11,2,1,0,True,True,True,[1 2 1 0 0 0 2 2],[0 0 1 1 1 0 0 1],[0.183 0.208 0.242 0.133 0.091 0.2   0.25  0.2  ],2,sb_int-multiplicative_comp-absolute_gbatt-true_gbalt-true_lk-free_inh-free,0
6903,33,3,154,compromise,B,L,2,decoy,3100.0,0.75,0.68,0.55,11,14,18,1,2,0,True,True,True,[0 2 0 1 2 2 0 0 2 1 2 2 2],[0 0 1 1 1 1 0 0 0 0 1 1 0],"[0.175   0.166   0.2     0.25    0.116   0.108   0.116   0.258   0.242
 0.166   0.166   0.25    0.21166]",2,sb_int-multiplicative_comp-absolute_gbatt-true_gbalt-true_lk-free_inh-free,0
6904,33,3,155,attraction,A,L,1,competitor,5070.0,0.72,0.65,0.7,12,15,11,1,0,2,True,True,True,[0 0 1 1 0 0 1 1 2 2 2 0 1 1 1 0 0 0 0 0 2],[0 0 0 1 1 0 0 0 0 1 0 0 0 0 1 1 1 0 0 1 1],"[0.15     0.116    0.216    0.233    0.233    0.175    0.225    0.141
 0.3      0.241    0.258    0.233    0.3      0.25     0.208    0.125
 0.125    0.258    0.175    0.141    0.067101]",0,sb_int-multiplicative_comp-absolute_gbatt-true_gbalt-true_lk-free_inh-free,0
6905,33,3,156,attraction,A,M,0,target,1760.0,0.75,0.65,0.73,12,15,11,1,2,0,True,True,True,[0 2 0 1 0 2 2],[0 1 1 1 0 0 0],[0.133 0.166 0.217 0.133 0.283 0.133 0.233],0,sb_int-multiplicative_comp-absolute_gbatt-true_gbalt-true_lk-free_inh-free,0
6906,33,3,157,compromise,B,L,0,competitor,4490.0,0.78,0.65,0.52,12,14,18,0,1,2,False,True,True,[0 1 1 1 0 0 0 1 2 2 0 2 2 2 1 2 1 0 0],[1 1 1 0 1 0 0 0 0 1 1 0 0 1 1 0 0 1 0],"[0.183    0.15     0.15     0.15     0.108    0.175    0.091    0.183
 0.233    0.45     0.133    0.183    0.1      0.208    0.133    0.233
 0.242    0.283    0.040321]",0,sb_int-multiplicative_comp-absolute_gbatt-true_gbalt-true_lk-free_inh-free,0
6907,33,3,158,attraction,B,R,0,competitor,2030.0,0.72,0.62,0.6,11,15,14,2,0,1,True,True,True,[2 1 1 2 0 0 0 1],[0 0 1 1 1 0 0 0],[0.125   0.233   0.233   0.225   0.225   0.141   0.15    0.32386],1,sb_int-multiplicative_comp-absolute_gbatt-true_gbalt-true_lk-free_inh-free,0
6908,33,3,159,attraction,A,L,0,target,2340.0,0.75,0.65,0.73,12,15,11,0,2,1,False,True,False,[2 2 0 0 0 0 2 2 1 1 1],[1 0 0 1 0 0 1 1 0 0 1],"[0.183    0.158    0.208    0.267    0.158    0.108    0.166    0.133
 0.091    0.125    0.167892]",1,sb_int-multiplicative_comp-absolute_gbatt-true_gbalt-true_lk-free_inh-free,0
6909,33,3,160,attraction,B,L,1,target,5080.0,0.78,0.62,0.6,11,14,13,2,0,1,False,False,True,[2 1 2 1 2 2 0 0 1 1 2 2 1 1 1 2 2 2 1],[0 1 1 0 0 0 1 0 0 1 1 0 0 1 1 0 1 0 1],"[0.108 0.3   0.091 0.183 0.125 0.15  0.241 0.35  0.091 0.258 0.225 0.317
 0.241 0.2   0.2   0.133 0.158 0.35  0.083]",1,sb_int-multiplicative_comp-absolute_gbatt-true_gbalt-true_lk-free_inh-free,0
6910,33,3,161,attraction,B,L,0,competitor,2850.0,0.72,0.68,0.66,12,14,13,0,1,2,False,True,True,[1 1 0 0 0 0 1 2 2 2 0 0 0 1],[0 0 1 0 0 1 1 1 1 0 1 0 0 0],"[0.141 0.125 0.15  0.116 0.091 0.233 0.175 0.116 0.266 0.183 0.15  0.15
 0.1   0.258]",0,sb_int-multiplicative_comp-absolute_gbatt-true_gbalt-true_lk-free_inh-free,0
6911,33,3,162,compromise,B,M,2,decoy,3390.0,0.72,0.65,0.58,11,15,18,0,2,1,False,False,True,[2 0 2 2 1 1 0 2 2 2 1 1],[0 1 1 0 0 1 0 1 0 0 0 0],[0.167 0.2   0.183 0.266 0.3   0.175 0.25  0.208 0.15  0.475 0.083 0.15 ],2,sb_int-multiplicative_comp-absolute_gbatt-true_gbalt-true_lk-free_inh-free,0
6912,33,3,163,attraction,A,R,0,target,3530.0,0.78,0.62,0.76,12,14,11,2,0,1,True,False,False,[2 1 1 2 0 0 0 1 1 1 2 1 1 1 2],[1 1 1 0 0 0 1 1 0 0 1 1 1 1 0],"[0.191    0.216    0.125    0.283    0.083    0.358    0.2      0.133
 0.208    0.141    0.242    0.1      0.15     0.125    0.076109]",1,sb_int-multiplicative_comp-absolute_gbatt-true_gbalt-true_lk-free_inh-free,0
6913,33,3,164,attraction,B,M,0,competitor,2940.0,0.75,0.68,0.66,11,14,13,1,2,0,False,True,True,[0 2 2 0 2 1 1 0 0 0 2 1 1 0],[1 0 0 0 1 0 0 0 1 1 0 1 1 0],"[0.166   0.191   0.108   0.175   0.15    0.158   0.233   0.175   0.141
 0.108   0.116   0.217   0.141   0.09304]",0,sb_int-multiplicative_comp-absolute_gbatt-true_gbalt-true_lk-free_inh-free,0
6914,33,3,165,attraction,A,R,0,target,3800.0,0.78,0.62,0.76,11,15,10,2,1,0,False,True,True,[1 2 1 2 2 2 2 1 0 0 2 2 2 2],[0 0 1 1 0 1 0 1 0 1 0 0 1 0],"[0.258    0.325    0.2      0.25     0.25     0.216    0.183    0.216
 0.15     0.283    0.175    0.192    0.166    0.103843]",2,sb_int-multiplicative_comp-absolute_gbatt-true_gbalt-true_lk-free_inh-free,0
6915,33,3,166,compromise,A,R,0,target,4060.0,0.78,0.62,0.85,12,14,9,2,1,0,True,True,True,[1 1 2 2 1 1 2 1 1 0 0 0 1 1 1 1 1 0],[0 0 0 1 1 0 0 0 0 0 1 1 1 1 0 0 1 1],"[0.133   0.125   0.333   0.208   0.216   0.116   0.216   0.183   0.166
 0.191   0.091   0.116   0.125   0.241   0.208   0.275   0.241   0.18265]",0,sb_int-multiplicative_comp-absolute_gbatt-true_gbalt-true_lk-free_inh-free,0
6916,33,3,167,filler,,R,2,,8460.0,0.29,0.42,0.72,34,23,13,0,1,2,False,False,True,[1 0 0 0 0 1 1 1 0 1 1 0 0 1 2 2 2 2 2 1 2 1 1 1 1 1 1 1 1 0 2 2],[1 1 1 0 0 0 0 1 1 1 0 0 1 1 0 1 1 0 0 1 1 1 1 0 1 0 1 0 0 0 1 0],"[0.125    0.183    0.2      0.167    0.158    0.091    0.166    0.392
 0.367    0.3      0.191    0.308    0.425    0.483    0.258    0.175
 0.083    0.116    0.442    0.15     0.233    0.233    0.183    0.308
 0.191    0.183    0.467    0.15     0.367    0.108    0.225    0.063487]",2,sb_int-multiplicative_comp-absolute_gbatt-true_gbalt-true_lk-free_inh-free,0
6917,33,3,168,attraction,A,L,0,target,11350.0,0.75,0.68,0.73,11,14,10,0,1,2,False,False,False,[1 1 0 0 0 1 1 2 2 2 1 1 0 0 0 0 0 0 0 1 1 2 2 2 2 2 0 0 0 1 1 2],[1 1 1 0 1 1 1 1 1 0 0 1 1 1 1 1 1 0 0 0 1 1 1 0 1 0 0 1 0 0 0 0],"[0.108    0.233    0.233    0.375    0.208    0.317    0.091    0.083
 0.216    0.15     0.166    0.25     0.116    0.767    1.051    1.56
 0.642    0.275    0.308    0.425    0.25     0.158    0.175    0.166
 0.275    0.175    0.083    0.292    0.3      0.108    0.1      0.179258]",0,sb_int-multiplicative_comp-absolute_gbatt-true_gbalt-true_lk-free_inh-free,0
6918,33,3,169,compromise,B,M,0,competitor,7440.0,0.72,0.68,0.52,12,15,19,1,2,0,True,True,True,[0 2 2 0 0 1 0 0 2 2 0 1 1 0 0 0 0 2 2 0 0 0 0 0 1 2 0 0 1],[0 0 0 0 0 0 0 0 1 1 1 1 0 0 1 1 0 0 0 1 1 1 1 1 1 1 1 0 0],"[0.158    0.225    0.108    0.133    0.1      0.275    0.108    0.141
 0.158    0.15     0.308    0.458    0.125    0.317    0.275    0.133
 0.166    0.283    0.1      0.241    0.258    0.3      0.308    0.3
 0.258    0.325    0.116    0.25     0.133337]",1,sb_int-multiplicative_comp-absolute_gbatt-true_gbalt-true_lk-free_inh-free,0
6919,33,3,170,attraction,B,L,0,competitor,2440.0,0.78,0.65,0.63,12,15,14,0,2,1,False,True,True,[2 0 0 0 0 2 1 1 2 0],[0 1 1 0 0 1 1 0 0 0],"[0.125   0.166   0.225   0.125   0.15    0.233   0.233   0.158   0.133
 0.12751]",0,sb_int-multiplicative_comp-absolute_gbatt-true_gbalt-true_lk-free_inh-free,0
6920,33,3,171,compromise,A,M,0,target,3900.0,0.75,0.62,0.88,12,15,9,1,0,2,True,False,True,[0 1 0 2 0 0 0 1 1 0 2 2 2 0 0 0],[0 1 0 0 1 1 0 1 0 1 1 0 0 0 1 0],"[0.15     0.258    0.233    0.15     0.116    0.283    0.133    0.275
 0.342    0.15     0.258    0.242    0.083    0.291    0.158    0.129814]",2,sb_int-multiplicative_comp-absolute_gbatt-true_gbalt-true_lk-free_inh-free,0
6921,33,3,172,compromise,A,L,0,target,3920.0,0.72,0.65,0.82,12,15,9,0,1,2,True,True,False,[1 0 1 0 0 2 2 0 2 2 2 1 1 1 0 0 1],[0 0 1 1 1 1 1 0 1 0 0 0 1 1 1 0 0],"[0.2      0.208    0.216    0.183    0.125    0.133    0.116    0.208
 0.2      0.183    0.141    0.275    0.208    0.083    0.208    0.25
 0.242114]",2,sb_int-multiplicative_comp-absolute_gbatt-true_gbalt-true_lk-free_inh-free,0
6922,33,3,173,compromise,A,M,2,decoy,3300.0,0.78,0.68,0.88,11,15,10,2,0,1,False,False,True,[2 1 2 2 1 1 1 1 0 0 0 0 2 2 0],[0 1 0 1 1 1 0 0 1 1 0 0 0 1 1],"[0.133   0.191   0.266   0.15    0.091   0.133   0.133   0.166   0.108
 0.141   0.125   0.225   0.266   0.175   0.22017]",2,sb_int-multiplicative_comp-absolute_gbatt-true_gbalt-true_lk-free_inh-free,0
6923,33,3,174,compromise,B,R,2,decoy,4290.0,0.72,0.68,0.58,11,15,19,1,0,2,False,True,False,[0 2 2 0 0 1 1 1 0 0 0 0 0 2 2 2 2 1],[1 1 1 0 0 0 1 1 0 0 0 1 1 1 0 0 1 0],"[0.241    0.158    0.125    0.083    0.125    0.233    0.292    0.25
 0.133    0.216    0.241    0.266    0.1      0.183    0.15     0.308
 0.383    0.168466]",1,sb_int-multiplicative_comp-absolute_gbatt-true_gbalt-true_lk-free_inh-free,0
6924,33,3,175,compromise,A,R,2,decoy,4230.0,0.75,0.62,0.88,11,15,10,0,1,2,False,True,True,[1 0 0 0 1 2 2 1 1 1 1 0 0 1 2 2 2 2],[0 1 1 0 1 1 0 0 0 1 0 1 0 0 0 0 1 1],"[0.175    0.183    0.2      0.2      0.25     0.317    0.2      0.308
 0.191    0.208    0.133    0.191    0.216    0.083    0.141    0.108
 0.099    0.066913]",2,sb_int-multiplicative_comp-absolute_gbatt-true_gbalt-true_lk-free_inh-free,0
6925,33,3,176,compromise,A,L,0,target,5500.0,0.78,0.68,0.82,12,15,10,0,2,1,True,True,True,[2 2 0 1 1 2 0 0 2 1 1 1 2 2 0 0 2 2 0 0 0 0 2 2 2],[0 1 1 1 0 0 0 0 0 0 0 1 1 1 1 0 1 1 1 0 0 0 0 0 1],"[0.342    0.191    0.175    0.275    0.116    0.216    0.258    0.108
 0.191    0.183    0.175    0.216    0.083    0.241    0.283    0.241
 0.166    0.108    0.216    0.266    0.125    0.141    0.141    0.108
 0.073706]",0,sb_int-multiplicative_comp-absolute_gbatt-true_gbalt-true_lk-free_inh-free,0
6926,33,3,177,attraction,A,M,0,target,3760.0,0.72,0.65,0.7,11,15,10,1,2,0,True,True,False,[0 2 2 0 0 1 0 1 2 2 0 0 0 0 0 1 1],[0 1 1 1 1 0 0 1 0 0 0 0 1 1 0 0 0],"[0.15     0.233    0.325    0.133    0.1      0.367    0.2      0.191
 0.175    0.125    0.183    0.183    0.1      0.116    0.308    0.108
 0.036021]",0,sb_int-multiplicative_comp-absolute_gbatt-true_gbalt-true_lk-free_inh-free,0
6927,33,3,178,filler,,L,2,,6040.0,0.32,0.48,0.85,31,20,11,1,2,0,True,False,False,[0 0 2 0 2 0 0 1 0 2 2 2 0 0 1 1 0 0 1 1 1 2 2 2 2 2],[0 0 1 1 0 1 0 1 0 1 0 0 1 1 1 1 0 0 1 0 0 1 1 0 0 1],"[0.141    0.158    0.25     0.158    0.392    0.225    0.283    0.233
 0.116    0.258    0.141    0.167    0.225    0.183    0.208    0.083
 0.125    0.225    0.408    0.216    0.292    0.116    0.317    0.216
 0.083    0.058745]",2,sb_int-multiplicative_comp-absolute_gbatt-true_gbalt-true_lk-free_inh-free,0
6928,33,3,179,filler,,L,2,,2960.0,0.32,0.6,0.78,31,16,12,2,1,0,True,False,True,[1 2 2 2 1 0 0 0 1 2 2 2],[1 0 1 1 1 0 1 1 0 1 0 0],[0.158 0.358 0.1   0.166 0.392 0.191 0.1   0.183 0.2   0.183 0.241 0.191],2,sb_int-multiplicative_comp-absolute_gbatt-true_gbalt-true_lk-free_inh-free,0
6929,33,3,180,compromise,A,R,0,target,3730.0,0.78,0.65,0.82,12,14,10,2,1,0,True,True,True,[1 2 2 1 1 2 0 1 1 1 0 0 0 0 0],[0 0 1 1 0 0 0 0 1 1 1 0 1 1 0],"[0.108    0.225    0.183    0.275    0.116    0.267    0.233    0.241
 0.183    0.191    0.25     0.383    0.125    0.1      0.336843]",0,sb_int-multiplicative_comp-absolute_gbatt-true_gbalt-true_lk-free_inh-free,0
6930,33,3,181,compromise,B,L,1,target,4110.0,0.72,0.68,0.58,12,14,19,2,0,1,False,False,True,[2 1 1 1 2 2 0 0 0 1 1 1 1 0 0 0 1],[0 1 0 0 0 0 1 1 0 1 1 0 1 1 0 1 1],"[0.091    0.183    0.175    0.091    0.1      0.1      0.125    0.133
 0.133    0.158    0.275    0.15     0.291    0.283    0.267    0.116
 0.230282]",1,sb_int-multiplicative_comp-absolute_gbatt-true_gbalt-true_lk-free_inh-free,0
6931,33,3,182,compromise,B,R,2,decoy,6150.0,0.72,0.65,0.55,11,15,19,1,0,2,True,True,False,[0 1 1 2 2 0 0 1 1 2 2 2 2 1 1 1 1 1 1 1 1 0 1 0 2 0 2 2],[0 0 1 1 1 0 0 0 0 1 1 1 0 1 0 0 0 1 1 1 1 1 0 0 1 0 1 1],"[0.108    0.216    0.183    0.091    0.208    0.216    0.116    0.083
 0.191    0.175    0.133    0.325    0.183    0.191    0.091    0.158
 0.233    0.083    0.133    0.125    0.158    0.108    0.283    0.1
 0.217    0.108    0.091    0.054233]",0,sb_int-multiplicative_comp-absolute_gbatt-true_gbalt-true_lk-free_inh-free,0
6932,33,3,183,attraction,B,L,0,competitor,5270.0,0.78,0.68,0.66,11,14,13,0,2,1,False,False,False,[2 0 0 2 2 2 1 1 1 2 0 0 0 0 2 0 0 0 2 2 2 1 1 1 1],[1 1 0 0 0 1 1 0 0 0 0 0 1 1 1 1 0 0 0 0 1 1 1 0 0],"[0.216 0.225 0.1   0.183 0.133 0.158 0.258 0.175 0.125 0.358 0.283 0.133
 0.116 0.116 0.342 0.25  0.083 0.116 0.1   0.116 0.116 0.175 0.125 0.125
 0.1  ]",1,sb_int-multiplicative_comp-absolute_gbatt-true_gbalt-true_lk-free_inh-free,0
6933,33,3,184,attraction,B,M,0,competitor,2350.0,0.78,0.62,0.6,11,15,14,1,2,0,True,True,False,[0 2 2 0 1 2 2 0 0 2 2 1],[0 1 1 0 1 0 0 1 0 1 1 0],"[0.15     0.183    0.083    0.15     0.166    0.233    0.091    0.217
 0.125    0.091    0.083    0.070709]",2,sb_int-multiplicative_comp-absolute_gbatt-true_gbalt-true_lk-free_inh-free,0
6934,33,3,185,filler,,R,2,,9220.0,0.31,0.38,0.85,32,26,11,0,1,2,False,True,True,"[1 2 1 1 2 0 0 2 2 2 0 0 0 0 1 1 1 0 0 1 0 0 0 0 1 2 2 2 2 2 2 2 2 2 1 1 0
 0 0 0 1]","[0 0 1 1 1 1 1 0 1 0 1 1 0 0 0 0 1 1 1 0 0 1 1 1 1 1 0 1 1 0 1 1 0 0 0 0 1
 0 0 1 0]","[0.183    0.133    0.133    0.158    0.175    0.116    0.083    0.375
 0.225    0.2      0.175    0.208    0.225    0.108    0.241    0.225
 0.358    0.175    0.15     0.283    0.283    0.116    0.216    0.083
 0.208    0.141    0.342    0.083    0.125    0.292    0.133    0.083
 0.108    0.267    0.108    0.383    0.3      0.1      0.208    0.183
 0.112441]",2,sb_int-multiplicative_comp-absolute_gbatt-true_gbalt-true_lk-free_inh-free,0
6935,33,3,186,compromise,A,R,0,target,2720.0,0.78,0.68,0.88,12,15,9,2,0,1,False,True,True,[2 1 1 1 1 2 2 0 0 0 0 0 1],[0 0 0 1 1 1 1 1 1 0 0 1 0],"[0.183    0.158    0.108    0.183    0.108    0.275    0.091    0.108
 0.158    0.15     0.241    0.166    0.244863]",1,sb_int-multiplicative_comp-absolute_gbatt-true_gbalt-true_lk-free_inh-free,0
6936,33,3,187,attraction,B,R,0,competitor,2410.0,0.72,0.62,0.6,12,15,14,2,0,1,False,False,True,[2 1 2 2 2 1 1 0 0 1 1 1],[0 1 1 1 0 0 0 1 0 1 1 1],"[0.141    0.091    0.083    0.125    0.141    0.091    0.083    0.241
 0.183    0.083    0.125    0.175649]",1,sb_int-multiplicative_comp-absolute_gbatt-true_gbalt-true_lk-free_inh-free,0
6937,33,3,188,attraction,A,L,0,target,7610.0,0.78,0.68,0.76,11,15,10,0,2,1,False,True,False,[2 0 0 0 0 0 0 0 0 2 2 2 1 1 1 2 2 1 1 2 2 0 2 0 0 0 0 2 2 0 0],[1 1 1 0 1 0 1 1 0 0 1 1 0 0 1 0 1 0 0 0 1 1 0 1 1 0 0 1 0 1 0],"[0.141 0.216 0.225 0.191 0.392 0.208 0.108 0.116 0.083 0.191 0.091 0.158
 0.208 0.166 0.208 0.175 0.266 0.1   0.208 0.2   0.525 0.108 0.108 0.208
 0.133 0.2   0.166 0.2   0.216 0.408 0.183]",0,sb_int-multiplicative_comp-absolute_gbatt-true_gbalt-true_lk-free_inh-free,0
6938,33,3,189,filler,,L,1,,8390.0,0.27,0.61,0.89,37,16,11,1,0,2,True,False,True,[0 1 1 0 1 1 0 1 1 1 0 2 2 2 1 2 2 0 2 2 2 0 1 1 1 1 1 1 2 1 2 2 1 1],[0 1 1 1 0 1 0 1 1 0 0 0 1 1 0 0 0 1 0 0 0 0 0 1 1 0 1 1 0 0 1 1 1 1],"[0.175    0.1      0.133    0.116    0.166    0.25     0.266    0.1
 0.25     0.166    0.216    0.191    0.1      0.183    0.2      0.258
 0.25     0.533    0.175    0.091    0.175    0.225    0.216    0.208
 0.225    0.208    0.1      0.3      0.283    0.141    0.125    0.166
 0.091    0.052779]",2,sb_int-multiplicative_comp-absolute_gbatt-true_gbalt-true_lk-free_inh-free,0
6939,33,3,190,compromise,A,L,0,target,8490.0,0.78,0.65,0.82,12,14,9,0,2,1,True,False,True,[2 0 0 2 2 0 0 2 1 1 2 2 2 2 2 2 0 0 0 2 2 2 1 1],[0 0 1 0 1 0 1 0 1 1 0 0 0 0 0 0 1 0 0 1 1 0 1 0],"[0.1   0.292 0.141 0.408 0.216 0.533 0.175 0.133 0.183 0.108 0.333 0.392
 1.101 0.609 0.759 0.417 0.2   0.225 0.116 0.183 0.108 0.242 0.241 0.175]",2,sb_int-multiplicative_comp-absolute_gbatt-true_gbalt-true_lk-free_inh-free,0
6940,33,3,191,attraction,B,L,1,target,7120.0,0.72,0.65,0.63,12,14,13,1,0,2,False,True,False,[0 1 1 1 1 0 0 0 1 1 1 1 1 1 1 1 0 0 0 2 2 2 2 1 1 1 1 1],[1 0 0 1 1 1 1 1 0 0 0 0 0 0 1 1 1 1 0 0 1 1 0 0 0 1 1 0],"[0.1      0.208    0.25     0.216    0.133    0.15     0.2      0.116
 0.141    0.216    0.083    0.091    0.65     0.442    0.15     0.1
 0.091    0.492    0.225    0.216    0.091    0.233    0.225    0.258
 0.091    0.083    0.083    0.113477]",1,sb_int-multiplicative_comp-absolute_gbatt-true_gbalt-true_lk-free_inh-free,0
6941,33,3,192,compromise,A,M,0,target,3830.0,0.78,0.62,0.85,11,15,9,1,2,0,True,False,False,[0 2 2 2 1 0 0 1 1 1 0 0 1 1 1 1 1],[0 1 0 0 1 1 1 0 1 1 0 0 0 1 0 0 1],"[0.116 0.191 0.1   0.1   0.166 0.166 0.083 0.183 0.1   0.292 0.091 0.375
 0.158 0.175 0.091 0.125 0.15 ]",1,sb_int-multiplicative_comp-absolute_gbatt-true_gbalt-true_lk-free_inh-free,0
6942,33,3,193,attraction,A,R,0,target,2520.0,0.72,0.65,0.7,11,15,10,2,1,0,True,False,False,[1 2 2 1 1 1 0 0 0 2 2 2 0],[1 1 0 0 1 1 0 0 1 0 1 1 0],"[0.15     0.2      0.175    0.241    0.141    0.108    0.091    0.158
 0.183    0.225    0.125    0.091    0.026576]",1,sb_int-multiplicative_comp-absolute_gbatt-true_gbalt-true_lk-free_inh-free,0
6943,33,3,194,attraction,B,M,0,competitor,2350.0,0.75,0.62,0.6,11,15,14,1,0,2,True,False,False,[1 1 1 1 0 2 2 0 0],[1 1 0 1 1 0 1 0 1],"[0.083    0.175    0.208    0.191    0.258    0.208    0.292    0.283
 0.154355]",1,sb_int-multiplicative_comp-absolute_gbatt-true_gbalt-true_lk-free_inh-free,0
6944,33,3,195,filler,,M,2,,3100.0,0.19,0.56,0.8,52,17,12,2,0,1,False,True,False,[1 1 1 2 2 0 0 0 0 2 2 1 2 2 2],[0 0 1 0 0 1 1 0 1 1 1 0 0 0 1],"[0.083 0.192 0.125 0.208 0.116 0.125 0.1   0.242 0.166 0.125 0.116 0.175
 0.2   0.125 0.233]",2,sb_int-multiplicative_comp-absolute_gbatt-true_gbalt-true_lk-free_inh-free,0
6945,33,3,196,compromise,B,M,1,target,4480.0,0.75,0.62,0.58,11,15,18,0,1,2,True,False,False,[1 0 0 0 1 0 0 2 2 2 1 1 1 1 1 1 0 1 2 2],[1 0 1 1 0 0 0 1 1 0 0 1 0 0 1 1 0 0 0 1],"[0.15     0.233    0.083    0.241    0.083    0.175    0.133    0.175
 0.267    0.158    0.225    0.459    0.108    0.141    0.108    0.216
 0.15     0.208    0.233    0.037324]",2,sb_int-multiplicative_comp-absolute_gbatt-true_gbalt-true_lk-free_inh-free,0
6946,33,3,197,attraction,A,M,0,target,3150.0,0.72,0.62,0.7,12,15,11,1,2,0,False,False,False,[0 0 2 0 0 2 2 0 1 1 0 0 2 1],[1 1 1 1 0 0 1 1 1 1 1 0 0 0],"[0.166    0.158    0.183    0.175    0.141    0.175    0.166    0.183
 0.116    0.3      0.116    0.208    0.225    0.097405]",0,sb_int-multiplicative_comp-absolute_gbatt-true_gbalt-true_lk-free_inh-free,0
6947,33,3,198,attraction,A,R,0,target,7230.0,0.72,0.65,0.7,11,14,10,2,1,0,True,True,False,[2 2 1 0 0 2 1 1 1 0 1 1 1 2 1 2 1 0 0 0 2 2 2 2 0 0 0],[1 0 1 0 0 0 1 1 0 1 0 0 0 1 1 0 0 0 1 1 0 0 1 1 0 1 1],"[0.233 0.108 0.317 0.108 0.125 0.25  0.141 0.158 0.175 0.183 0.116 0.158
 0.2   0.425 0.225 0.216 0.3   0.3   0.083 0.141 0.175 0.108 0.191 0.292
 0.158 0.083 0.292]",0,sb_int-multiplicative_comp-absolute_gbatt-true_gbalt-true_lk-free_inh-free,0
6948,33,3,199,filler,,M,2,,4680.0,0.19,0.59,0.81,52,16,12,0,2,1,False,False,False,[2 0 2 1 2 2 2 1 0 0 2 1 2 2 2 2],[1 1 1 1 0 0 1 1 1 1 1 0 0 1 1 0],"[0.166 0.308 0.166 0.258 0.325 0.1   0.233 0.659 0.308 0.083 0.175 0.208
 0.258 0.3   0.267 0.158]",2,sb_int-multiplicative_comp-absolute_gbatt-true_gbalt-true_lk-free_inh-free,0
6949,33,3,200,filler,,M,2,,6170.0,0.28,0.67,0.78,35,14,12,2,0,1,False,True,True,[1 2 1 1 2 2 0 0 0 0 1 1 2 1 1 1 1 1 2 1 1 2 2 2 2 2 2],[0 0 1 1 1 1 1 1 0 0 0 0 0 1 0 0 0 0 1 1 1 0 0 0 1 1 0],"[0.241    0.325    0.1      0.216    0.1      0.1      0.2      0.166
 0.216    0.116    0.2      0.2      0.2      0.342    0.083    0.141
 0.225    0.158    0.25     0.133    0.125    0.141    0.158    0.116
 0.083    0.258    0.092123]",2,sb_int-multiplicative_comp-absolute_gbatt-true_gbalt-true_lk-free_inh-free,0
6950,33,3,201,compromise,B,M,2,decoy,7520.0,0.72,0.62,0.58,11,14,19,0,2,1,True,False,False,[2 2 0 0 0 0 0 2 1 1 1 0 0 0 2 2 2 2 2 2 1 1 1 1 1 1 1 2 2 1 1 2 2 2 2],[1 1 0 0 1 1 1 1 1 1 0 1 0 0 0 0 1 1 1 0 0 1 1 1 1 1 0 1 1 1 1 1 0 0 1],"[0.183 0.108 0.108 0.183 0.133 0.133 0.1   0.233 0.091 0.208 0.141 0.166
 0.166 0.125 0.125 0.175 0.1   0.267 0.15  0.342 0.217 0.191 0.4   0.133
 0.133 0.133 0.183 0.091 0.525 0.141 0.108 0.175 0.217 0.191 0.15 ]",2,sb_int-multiplicative_comp-absolute_gbatt-true_gbalt-true_lk-free_inh-free,0
6951,33,3,202,attraction,A,L,0,target,2830.0,0.75,0.65,0.73,12,14,11,0,2,1,True,True,True,[2 0 2 1 1 0 0 0 0 2 1 1],[0 0 1 1 1 1 1 1 0 0 0 0],[0.125 0.2   0.408 0.2   0.091 0.133 0.233 0.1   0.216 0.2   0.141 0.141],0,sb_int-multiplicative_comp-absolute_gbatt-true_gbalt-true_lk-free_inh-free,0
6952,33,3,203,compromise,B,M,0,competitor,1980.0,0.72,0.62,0.55,12,14,19,1,2,0,True,True,True,[0 2 0 1 1 0 0 1 1],[0 0 1 1 1 0 0 0 0],[0.133 0.191 0.216 0.1   0.15  0.133 0.125 0.091 0.1  ],0,sb_int-multiplicative_comp-absolute_gbatt-true_gbalt-true_lk-free_inh-free,0
6953,33,3,204,compromise,A,R,0,target,3600.0,0.72,0.68,0.82,12,15,9,2,1,0,True,False,True,[1 2 1 0 0 1 1 1 2 0 2 2 2 0 0 0 0],[1 0 0 0 0 0 0 1 1 1 0 0 0 0 1 1 0],"[0.091 0.241 0.208 0.15  0.125 0.141 0.133 0.225 0.25  0.141 0.091 0.125
 0.125 0.2   0.1   0.183 0.2  ]",1,sb_int-multiplicative_comp-absolute_gbatt-true_gbalt-true_lk-free_inh-free,0
6954,33,3,205,compromise,B,R,0,competitor,2910.0,0.72,0.62,0.55,12,14,19,2,1,0,True,False,False,[1 1 2 2 2 2 1 1 1 0 0 0 1],[1 1 1 1 0 0 0 0 1 0 1 1 1],"[0.116 0.15  0.208 0.183 0.141 0.133 0.083 0.083 0.258 0.241 0.116 0.133
 0.358]",2,sb_int-multiplicative_comp-absolute_gbatt-true_gbalt-true_lk-free_inh-free,0
6955,33,3,206,compromise,A,R,0,target,4270.0,0.78,0.68,0.85,11,15,9,2,0,1,False,True,False,[2 1 1 2 0 0 0 0 0 2 2 1 1 2 2 2 1 1 1 1 0],[1 0 1 0 1 1 0 0 1 0 1 0 0 0 0 1 0 0 1 1 1],"[0.133 0.15  0.15  0.167 0.091 0.25  0.133 0.292 0.166 0.183 0.191 0.108
 0.108 0.116 0.208 0.166 0.225 0.083 0.116 0.091 0.108]",1,sb_int-multiplicative_comp-absolute_gbatt-true_gbalt-true_lk-free_inh-free,0
6956,33,3,207,compromise,A,M,0,target,4570.0,0.75,0.65,0.82,12,15,9,1,0,2,False,False,False,[0 1 1 0 2 2 0 0 2 2 0 0 1 1 1 0 1 1 0 0 0],[1 1 1 1 1 1 0 0 0 0 1 1 1 0 0 0 1 1 1 0 1],"[0.1      0.175    0.083    0.175    0.133    0.15     0.217    0.083
 0.208    0.1      0.116    0.266    0.333    0.133    0.208    0.241
 0.166    0.141    0.183    0.175    0.177518]",1,sb_int-multiplicative_comp-absolute_gbatt-true_gbalt-true_lk-free_inh-free,0
6957,33,3,208,compromise,A,L,2,decoy,5940.0,0.75,0.68,0.88,11,15,10,1,2,0,True,True,True,[0 2 2 0 0 0 0 1 1 2 2 2 0 0 0 0 1 1 1 0 0 2 2 2 2 2 2],[0 0 1 1 0 0 0 0 1 1 0 0 1 1 0 0 0 1 1 1 0 0 0 1 1 1 0],"[0.158 0.225 0.133 0.292 0.158 0.125 0.083 0.208 0.166 0.208 0.216 0.383
 0.133 0.191 0.233 0.116 0.191 0.116 0.225 0.2   0.175 0.091 0.191 0.1
 0.108 0.083 0.275]",2,sb_int-multiplicative_comp-absolute_gbatt-true_gbalt-true_lk-free_inh-free,0
6958,33,3,209,attraction,B,R,0,competitor,4580.0,0.78,0.65,0.63,12,15,14,2,1,0,True,True,True,[1 2 2 2 1 0 0 1 1 1 0 2 0 0 1],[0 0 1 1 1 1 1 0 0 1 1 1 0 0 0],"[0.116    0.241    0.191    0.125    0.275    0.25     0.091    0.308
 0.525    0.217    0.166    0.267    0.116    0.25     0.453762]",0,sb_int-multiplicative_comp-absolute_gbatt-true_gbalt-true_lk-free_inh-free,0
6959,33,3,210,attraction,B,M,0,competitor,2840.0,0.78,0.62,0.6,12,15,14,1,0,2,False,True,True,[0 1 1 0 1 0 1 2 1 1 0 0 2],[1 0 1 0 0 1 0 1 1 1 1 1 0],"[0.158    0.15     0.133    0.2      0.108    0.241    0.292    0.116
 0.116    0.242    0.125    0.1      0.195451]",0,sb_int-multiplicative_comp-absolute_gbatt-true_gbalt-true_lk-free_inh-free,0
6960,33,3,211,compromise,A,L,2,decoy,5110.0,0.75,0.65,0.85,12,15,10,1,2,0,False,True,True,[0 2 0 0 1 0 0 1 2 2 1 1 1 0 0 0 2 0 0 2 1],[1 0 1 1 1 0 0 0 0 0 0 0 0 0 1 1 0 0 0 1 1],"[0.15     0.191    0.225    0.191    0.225    0.175    0.1      0.242
 0.191    0.216    0.1      0.1      0.241    0.158    0.291    0.1
 0.342    0.125    0.166    0.158    0.172639]",1,sb_int-multiplicative_comp-absolute_gbatt-true_gbalt-true_lk-free_inh-free,0
6961,33,3,212,compromise,B,R,2,decoy,4890.0,0.75,0.62,0.58,12,14,19,0,1,2,True,True,True,[1 0 1 1 2 0 0 1 1 2 2 2 2 2 2 2 2 0 2 2 1 1 1],[0 0 1 1 1 1 0 0 0 0 0 1 1 1 0 0 1 1 1 1 1 1 0],"[0.183    0.133    0.183    0.183    0.317    0.241    0.292    0.1
 0.141    0.275    0.15     0.125    0.133    0.108    0.342    0.083
 0.141    0.208    0.1      0.083    0.133    0.183    0.105206]",2,sb_int-multiplicative_comp-absolute_gbatt-true_gbalt-true_lk-free_inh-free,0
6962,33,3,213,attraction,A,R,0,target,4790.0,0.75,0.65,0.73,12,14,11,2,0,1,False,True,False,[2 1 1 1 2 2 0 0 0 0 0 0 2 0 2 1 1 0 0 0 0 2 1],[1 0 1 1 0 1 1 0 0 0 1 0 1 1 1 0 0 1 0 0 1 0 1],"[0.166 0.183 0.141 0.083 0.175 0.233 0.2   0.141 0.125 0.116 0.308 0.1
 0.15  0.125 0.166 0.2   0.083 0.291 0.083 0.133 0.091 0.2   0.141]",0,sb_int-multiplicative_comp-absolute_gbatt-true_gbalt-true_lk-free_inh-free,0
6963,33,3,214,compromise,B,L,0,competitor,3200.0,0.72,0.65,0.52,12,15,18,0,2,1,True,True,False,[2 2 2 0 0 2 1 1 0 0 0],[1 0 0 1 0 1 0 1 1 0 1],"[0.367    0.1      0.141    0.216    0.292    0.141    0.291    0.1
 0.125    0.3      0.114421]",1,sb_int-multiplicative_comp-absolute_gbatt-true_gbalt-true_lk-free_inh-free,0
6964,33,3,215,compromise,A,L,0,target,4490.0,0.72,0.68,0.82,12,15,9,0,2,1,True,False,False,[2 0 0 1 1 2 2 0 0 2 2 2 2 1 0 0 1],[1 0 1 1 1 0 1 1 0 1 1 1 0 0 0 1 0],"[0.125 0.317 0.108 0.133 0.267 0.175 0.141 0.191 0.25  0.083 0.108 0.183
 0.308 0.108 0.283 0.225 0.2  ]",1,sb_int-multiplicative_comp-absolute_gbatt-true_gbalt-true_lk-free_inh-free,0
6965,33,3,216,filler,,L,2,,4160.0,0.24,0.37,0.76,41,27,13,1,2,0,False,True,True,[0 0 2 0 2 2 2 0 0 1 1 0 2 0 0 0 0 0 2],[1 1 0 0 1 0 0 1 0 0 1 1 0 1 1 1 0 0 1],"[0.141    0.15     0.183    0.175    0.167    0.133    0.175    0.308
 0.1      0.3      0.141    0.141    0.292    0.116    0.233    0.15
 0.166    0.175    0.132815]",1,sb_int-multiplicative_comp-absolute_gbatt-true_gbalt-true_lk-free_inh-free,0
6966,33,3,217,attraction,B,L,0,competitor,6890.0,0.72,0.62,0.6,12,15,14,0,2,1,True,True,True,[2 0 0 2 2 1 1 1 1 1 2 2 2 2 2 2 2 0 0 1 2 1 2 1 0 0 1],[0 0 0 0 1 1 0 0 0 0 0 0 0 0 0 1 1 1 1 1 1 1 1 1 1 0 0],"[0.158    0.116    0.216    0.166    0.208    0.241    0.116    0.542
 0.133    0.225    0.809    0.258    0.116    0.166    0.158    0.083
 0.133    0.083    0.133    0.166    0.208    0.108    0.258    0.208
 0.175    0.25     0.102651]",1,sb_int-multiplicative_comp-absolute_gbatt-true_gbalt-true_lk-free_inh-free,0
6967,33,3,218,compromise,B,R,1,target,6530.0,0.72,0.68,0.55,11,14,19,1,2,0,True,False,False,[2 2 1 0 0 2 0 0 0 1 2 2 2 2 1 1 1 1 1 1 1 1 1 1],[1 1 1 1 1 0 0 1 1 0 0 1 1 1 1 1 0 1 1 1 0 0 1 0],"[0.108    0.2      0.191    0.091    0.083    0.241    0.15     0.183
 0.191    0.3      0.25     0.15     0.166    0.267    0.125    0.25
 0.258    0.292    0.317    0.141    0.091    0.609    0.492    0.106335]",1,sb_int-multiplicative_comp-absolute_gbatt-true_gbalt-true_lk-free_inh-free,0
6968,33,3,219,attraction,A,R,0,target,3680.0,0.75,0.65,0.73,11,15,10,2,1,0,False,False,False,[1 1 2 2 1 1 0 0 1 1 2 2 2 0 0 2 2 2 0],[1 1 1 0 0 0 0 1 1 1 1 1 1 0 0 0 0 1 1],"[0.116    0.358    0.233    0.1      0.183    0.166    0.216    0.175
 0.083    0.15     0.1      0.083    0.191    0.091    0.125    0.083
 0.2      0.25     0.045536]",0,sb_int-multiplicative_comp-absolute_gbatt-true_gbalt-true_lk-free_inh-free,0
6969,33,3,220,attraction,A,M,0,target,3180.0,0.72,0.68,0.7,11,14,10,1,2,0,True,True,True,[0 2 0 2 0 0 1 0 0 2 1 1],[0 0 1 1 1 1 1 1 0 0 0 0],"[0.166    0.125    0.216    0.267    0.083    0.083    0.241    0.175
 0.2      0.283    0.158    0.055342]",1,sb_int-multiplicative_comp-absolute_gbatt-true_gbalt-true_lk-free_inh-free,0
6970,33,3,221,attraction,B,M,0,competitor,4620.0,0.75,0.65,0.63,11,14,13,1,2,0,True,False,False,[0 2 0 0 2 2 2 2 0 0 1 1 0 0 0 2 2 1 1 1 0],[0 1 0 0 1 1 0 0 1 0 1 1 0 0 1 0 1 1 1 0 0],"[0.217    0.325    0.191    0.1      0.183    0.141    0.133    0.108
 0.208    0.233    0.083    0.1      0.233    0.141    0.183    0.158
 0.275    0.116    0.133    0.108    0.066647]",0,sb_int-multiplicative_comp-absolute_gbatt-true_gbalt-true_lk-free_inh-free,0
6971,33,3,222,filler,,M,2,,6200.0,0.27,0.47,0.86,37,21,11,0,2,1,False,True,True,[2 0 0 1 2 0 0 2 2 1 1 1 1 0 0 0 0 0 0 1 1 1 1 1 1 2 2],[0 1 1 0 1 0 1 0 0 0 0 1 1 1 1 0 0 1 1 1 1 0 0 1 1 1 0],"[0.2      0.116    0.225    0.133    0.358    0.275    0.3      0.116
 0.175    0.083    0.2      0.15     0.183    0.083    0.183    0.175
 0.166    0.083    0.15     0.191    0.15     0.225    0.308    0.191
 0.2      0.233    0.199351]",2,sb_int-multiplicative_comp-absolute_gbatt-true_gbalt-true_lk-free_inh-free,0
6972,33,3,223,filler,,M,2,,7980.0,0.16,0.46,0.87,62,21,11,0,2,1,False,False,False,[2 2 2 2 0 0 2 2 1 1 1 0 0 0 0 0 0 0 0 2 2 0 0 0 0 2 2 2 0],[1 0 0 1 1 1 1 1 1 0 1 0 0 1 1 0 0 1 1 1 1 0 0 0 1 1 1 0 0],"[0.217    0.083    0.2      0.559    0.141    0.392    0.108    0.116
 0.141    0.116    0.392    0.242    0.233    0.158    0.375    0.166
 0.242    0.1      0.517    0.116    0.091    0.1      0.2      0.592
 0.258    0.166    0.141    0.183    0.224402]",2,sb_int-multiplicative_comp-absolute_gbatt-true_gbalt-true_lk-free_inh-free,0
6973,33,3,224,compromise,B,M,0,competitor,10370.0,0.75,0.65,0.55,12,14,18,1,0,2,True,True,False,[0 1 0 0 0 0 1 0 0 2 2 2 2 2 2 2 2 2 2 2 2 2 0 1 0 0 0 1 1 1 1 0 0 0 0 0],[0 0 0 0 1 1 1 1 0 1 1 0 1 1 0 1 1 1 1 0 0 1 0 0 1 0 0 0 1 1 0 0 0 1 1 0],"[0.166   0.408   0.091   0.166   0.25    0.125   0.3     0.167   0.3
 0.166   0.133   0.25    0.116   0.667   0.35    0.659   0.784   0.258
 0.175   0.191   0.25    0.15    0.258   0.183   0.283   0.241   0.116
 0.3     0.475   0.091   0.533   0.091   0.091   0.2     0.175   0.07781]",0,sb_int-multiplicative_comp-absolute_gbatt-true_gbalt-true_lk-free_inh-free,0
6974,33,3,225,attraction,B,L,1,target,6100.0,0.78,0.65,0.63,11,15,14,1,0,2,True,True,True,[0 1 0 1 1 0 0 0 2 2 0 0 1 1 0 0 1 1 1 1 1 2 2 1 1 1],[0 0 1 1 1 1 0 0 0 1 1 1 1 0 0 0 0 1 1 0 1 1 0 0 0 0],"[0.175    0.175    0.25     0.108    0.133    0.141    0.133    0.1
 0.266    0.308    0.141    0.166    0.166    0.241    0.183    0.158
 0.216    0.116    0.116    0.258    0.133    0.242    0.2      0.15
 0.233    0.027012]",1,sb_int-multiplicative_comp-absolute_gbatt-true_gbalt-true_lk-free_inh-free,0
