,subject,block,trial,effect,target,key,choice,choice_tcd,rt,pA,pB,pC,mA,mB,mC,pos_A,pos_B,pos_C,pA_top,pB_top,pC_top,fixated_alternatives,fixated_attributes,fixation_durations,predicted_choice,model,rep
7650,37,1,1,filler,,R,1,,12870.0,0.31,0.38,0.85,32,26,11,0,2,1,False,False,False,"[2 0 0 0 2 2 2 0 0 2 2 2 1 1 1 1 1 0 2 0 2 1 2 0 0 1 1 2 0 0 1 2 2 1 2 2 2
 2 1 1 2 1]","[1 1 0 1 1 1 0 0 0 0 0 1 1 0 0 1 1 1 1 1 1 1 1 1 0 0 0 0 0 0 0 0 1 1 1 0 0
 1 1 1 1 1]","[0.183    0.525    0.217    0.275    0.333    0.166    0.475    0.425
 0.116    0.083    0.275    0.558    0.342    0.233    0.225    0.1
 0.475    0.125    0.308    0.283    0.133    0.383    0.15     0.183
 0.316    0.175    0.242    0.091    0.116    0.225    0.383    0.617
 0.175    0.442    0.458    0.116    0.267    0.125    0.191    0.192
 0.225    0.371854]",2,sb_int-multiplicative_comp-vsmean_gbatt-true_gbalt-true_lk-gaze-dependent_inh-none,0
7651,37,1,2,compromise,A,R,1,competitor,5700.0,0.78,0.68,0.82,11,15,9,0,2,1,False,False,False,[2 0 0 0 0 0 2 2 2 2 0 2 2 1 1 1 1 2 1 1 1 1],[1 1 1 0 1 0 0 0 1 1 1 1 0 0 0 1 1 1 0 0 1 1],"[0.175   0.241   0.1     0.584   0.408   0.158   0.108   0.225   0.375
 0.258   0.25    0.158   0.342   0.208   0.133   0.208   0.225   0.233
 0.283   0.133   0.158   0.06465]",1,sb_int-multiplicative_comp-vsmean_gbatt-true_gbalt-true_lk-gaze-dependent_inh-none,0
7652,37,1,3,attraction,B,L,1,target,13520.0,0.72,0.62,0.6,11,14,13,1,0,2,True,True,True,"[0 1 1 1 1 0 2 2 2 1 1 1 1 2 2 1 1 2 1 1 1 1 1 1 2 2 2 0 0 0 0 0 1 0 0 1 1
 0 1 0 0 1 0 1]","[0 0 1 1 0 0 0 0 1 1 1 0 0 0 0 0 0 0 0 1 0 0 1 1 1 0 0 0 1 0 0 1 1 0 0 0 1
 1 1 1 0 0 0 0]","[0.083    0.392    0.333    0.116    0.191    0.35     0.225    0.267
 0.425    0.141    0.4      0.216    0.25     0.2      0.242    0.183
 0.492    0.417    0.141    0.467    0.083    0.25     0.141    0.125
 0.375    0.083    0.25     0.492    0.317    0.15     0.342    0.4
 0.408    0.208    0.125    0.383    0.233    0.191    0.45     0.2
 0.25     0.375    0.292    0.359259]",1,sb_int-multiplicative_comp-vsmean_gbatt-true_gbalt-true_lk-gaze-dependent_inh-none,0
7653,37,1,4,attraction,A,R,1,competitor,9220.0,0.75,0.68,0.73,10,14,9,0,2,1,True,False,True,[2 0 0 0 0 0 0 0 0 0 2 2 2 0 0 2 2 2 0 2 0 0 0 0 1 1 1 0 0 1 0 0 1 1],[0 0 0 1 1 0 0 0 0 0 1 0 1 1 1 0 1 1 0 0 1 1 0 0 1 1 0 1 1 1 0 0 1 0],"[0.183    0.267    0.325    0.091    0.692    0.191    0.125    0.133
 0.125    0.158    0.275    0.233    0.3      0.192    0.15     0.533
 0.25     0.125    0.166    0.283    0.108    0.609    0.175    0.166
 0.15     0.1      0.75     0.141    0.266    0.242    0.1      0.192
 0.183    0.080582]",1,sb_int-multiplicative_comp-vsmean_gbatt-true_gbalt-true_lk-gaze-dependent_inh-none,0
7654,37,1,5,filler,,L,0,,5790.0,0.27,0.61,0.89,37,16,11,0,2,1,True,True,True,[2 0 0 0 2 2 1 1 1 2 2 2 0 0 0 0],[0 0 0 1 1 0 0 0 1 1 0 0 0 1 0 0],"[0.133    0.308    0.45     0.35     0.342    0.342    0.292    0.408
 0.417    0.425    0.242    0.15     0.45     0.367    0.175    0.395759]",2,sb_int-multiplicative_comp-vsmean_gbatt-true_gbalt-true_lk-gaze-dependent_inh-none,0
7655,37,1,6,filler,,L,2,,18550.0,0.32,0.6,0.78,31,16,12,2,1,0,True,True,True,"[2 2 2 2 2 2 2 2 1 1 1 2 1 2 1 0 0 0 0 0 0 0 1 2 0 0 0 2 2 2 2 1 1 1 2 2 2
 1 1 2 1 1 2 1 1 1 2 1 1 0 0 1 2 1 1 2 1 2 2 2]","[0 0 0 0 0 1 1 0 0 0 1 1 1 1 1 1 1 0 0 0 1 0 0 0 0 1 1 1 1 0 0 0 0 1 1 0 0
 0 0 0 0 1 1 1 0 0 0 0 1 1 0 0 0 0 1 1 1 1 0 0]","[0.475 1.084 0.6   0.308 0.133 0.175 0.216 0.225 0.191 0.217 0.4   0.216
 0.342 0.2   0.166 0.091 0.25  0.15  0.509 0.141 0.442 0.225 0.175 0.267
 0.175 0.091 0.233 0.15  0.442 0.2   0.233 0.25  0.125 0.333 0.216 0.083
 0.367 0.175 0.216 0.15  0.191 0.408 0.417 0.125 0.216 0.208 0.133 0.141
 0.325 0.175 0.225 0.442 0.442 0.308 0.533 0.408 0.141 0.2   0.233 0.45 ]",2,sb_int-multiplicative_comp-vsmean_gbatt-true_gbalt-true_lk-gaze-dependent_inh-none,0
7656,37,1,7,compromise,A,R,1,competitor,5320.0,0.78,0.68,0.88,10,15,9,0,2,1,True,True,False,[2 0 0 2 0 0 2 0 0 2 2 1 1 1 1 0 1 1 2 2],[1 0 0 1 1 1 0 0 0 1 1 0 1 1 0 1 0 0 0 0],"[0.133    0.242    0.442    0.141    0.166    0.15     0.141    0.216
 0.15     0.375    0.625    0.133    0.225    0.15     0.483    0.241
 0.116    0.216    0.133    0.048054]",2,sb_int-multiplicative_comp-vsmean_gbatt-true_gbalt-true_lk-gaze-dependent_inh-none,0
7657,37,1,8,attraction,A,M,1,competitor,6950.0,0.72,0.62,0.7,11,15,10,0,1,2,True,False,True,[0 0 1 1 1 0 2 2 2 0 0 1 0 2 2 0 0 1 1 1 1 1 1],[0 0 0 0 1 1 0 0 1 1 1 1 0 0 0 0 0 1 0 0 1 0 0],"[0.116    0.909    0.2      0.283    0.283    0.258    0.241    0.358
 0.308    0.208    0.116    0.141    0.275    0.158    0.283    0.216
 0.091    0.458    0.283    0.15     0.508    0.15     0.238116]",1,sb_int-multiplicative_comp-vsmean_gbatt-true_gbalt-true_lk-gaze-dependent_inh-none,0
7658,37,1,9,attraction,A,M,1,competitor,14650.0,0.75,0.65,0.73,11,14,10,2,1,0,True,False,False,"[1 2 2 2 2 2 1 1 2 2 1 2 0 0 1 1 1 0 0 0 1 0 0 0 1 1 1 1 0 1 1 0 0 1 0 1 1
 2 1 1 2 2 2 2 0 0 0 0 2 2 2 2 0 0 0 1]","[1 1 1 0 0 0 0 0 1 1 1 0 0 1 1 0 0 1 0 0 1 1 1 1 1 0 1 1 0 1 0 1 1 0 1 0 1
 1 0 1 1 0 1 1 1 1 0 0 1 0 1 1 1 0 0 1]","[0.108    0.15     0.333    0.392    0.15     0.15     0.183    0.091
 0.183    0.166    0.525    0.175    0.283    0.392    0.275    0.175
 0.158    0.183    0.275    0.342    0.25     0.275    0.55     0.275
 0.208    0.4      0.141    0.083    0.367    0.275    0.141    0.25
 0.083    0.241    0.15     0.166    0.258    0.125    0.25     0.225
 0.358    0.258    0.133    0.3      0.133    0.216    0.183    0.333
 0.091    0.283    0.217    0.116    0.25     0.15     0.116    0.090606]",0,sb_int-multiplicative_comp-vsmean_gbatt-true_gbalt-true_lk-gaze-dependent_inh-none,0
7659,37,1,10,compromise,A,M,2,decoy,16670.0,0.75,0.62,0.88,10,15,9,0,2,1,True,False,False,"[2 0 0 0 0 2 2 2 1 1 1 2 2 0 1 1 1 1 1 1 2 2 0 0 0 1 1 2 2 2 2 0 0 2 0 0 0
 2 2 2 0 2 1 1 2 2 1 2]","[1 0 0 1 0 1 0 0 0 1 1 1 1 0 1 0 0 1 1 0 0 0 1 0 0 0 1 1 0 0 1 0 1 0 0 0 1
 1 0 0 0 1 1 0 0 1 1 1]","[0.125   0.283   0.258   0.417   0.192   0.4     0.283   0.15    0.333
 0.2     0.308   0.091   0.15    0.1     1.101   0.166   0.158   0.242
 0.183   0.333   0.133   0.133   0.283   0.408   0.642   0.25    0.342
 0.425   0.609   0.116   0.392   0.217   0.241   0.267   0.15    0.2
 0.333   0.342   0.25    0.158   0.458   1.076   0.333   0.342   0.433
 0.267   0.475   0.47119]",2,sb_int-multiplicative_comp-vsmean_gbatt-true_gbalt-true_lk-gaze-dependent_inh-none,0
7660,37,1,11,attraction,A,R,1,competitor,10330.0,0.78,0.68,0.76,11,15,10,1,2,0,False,True,True,[0 2 2 2 2 2 0 2 2 2 2 2 0 0 0 0 2 2 0 0 2 0 0 1 1 1 1 0 2 1 1 1 1 0 0],[1 0 0 1 0 0 1 0 1 1 0 0 1 1 1 1 0 0 1 0 1 1 1 0 1 0 0 0 1 0 0 1 1 1 1],"[0.125    0.292    0.3      0.375    0.225    0.258    0.308    0.166
 0.141    0.734    0.083    0.45     0.258    0.325    0.342    0.484
 0.091    0.141    0.175    0.208    0.15     0.175    0.225    0.35
 0.333    0.175    0.166    0.442    0.166    0.267    0.517    0.258
 0.133    0.091    0.252809]",0,sb_int-multiplicative_comp-vsmean_gbatt-true_gbalt-true_lk-gaze-dependent_inh-none,0
7661,37,1,12,filler,,L,2,,13810.0,0.27,0.47,0.86,37,21,11,2,1,0,True,True,True,"[1 2 2 2 2 1 1 1 1 1 0 0 0 0 1 0 0 0 1 0 0 2 2 2 2 2 2 2 2 2 2 2 2 2 1 0 0
 2 2 0 2 2]","[0 0 0 1 0 0 0 0 1 0 0 0 1 1 1 0 0 0 0 0 0 1 1 0 0 1 0 0 0 0 1 1 0 0 0 0 0
 0 0 1 1 0]","[0.175    0.108    0.35     0.3      0.258    0.191    0.2      0.225
 0.517    0.375    0.191    0.266    0.358    0.175    0.492    0.1
 0.216    0.166    0.442    0.392    0.083    0.191    0.091    0.308
 0.55     0.342    0.492    0.333    0.892    0.291    0.275    0.325
 0.175    0.408    0.467    0.191    0.283    0.15     0.408    0.258
 0.425    0.033028]",2,sb_int-multiplicative_comp-vsmean_gbatt-true_gbalt-true_lk-gaze-dependent_inh-none,0
7662,37,1,13,attraction,B,L,0,competitor,7520.0,0.78,0.65,0.63,11,15,14,0,2,1,True,True,False,[2 0 0 0 0 0 2 2 2 2 0 1 1 1 1 1 0 0 0 1 1 2 1 0 0 0],[1 0 0 0 1 0 1 1 1 0 1 1 1 0 1 1 0 0 1 1 1 0 0 1 0 0],"[0.191    0.242    0.333    0.1      0.375    0.158    0.108    0.158
 0.083    0.317    0.325    0.158    0.208    0.367    0.141    0.083
 0.141    0.342    0.283    0.258    0.216    0.125    0.266    0.342
 0.158    0.824845]",1,sb_int-multiplicative_comp-vsmean_gbatt-true_gbalt-true_lk-gaze-dependent_inh-none,0
7663,37,1,14,attraction,B,L,1,target,10740.0,0.72,0.65,0.63,11,14,13,2,0,1,False,False,False,[2 2 1 1 1 2 2 0 0 2 0 2 2 1 1 0 1 1 0 0 2 2 0 1 1 2 1 2 2 1 1 2 2],[1 1 1 0 0 0 0 0 0 0 1 1 1 1 1 0 0 0 0 0 1 1 0 1 0 0 1 1 0 0 1 1 1],"[0.116    0.175    0.325    0.2      0.275    0.241    0.1      0.2
 0.35     0.225    0.133    0.15     0.116    0.258    0.183    0.308
 0.158    0.3      0.2      0.208    0.1      0.1      0.275    0.5
 0.275    0.158    0.208    0.4      0.291    0.208    0.275    0.083
 0.791041]",2,sb_int-multiplicative_comp-vsmean_gbatt-true_gbalt-true_lk-gaze-dependent_inh-none,0
7664,37,1,15,compromise,A,L,1,competitor,10180.0,0.72,0.68,0.82,11,15,8,2,0,1,False,False,False,[1 1 1 1 1 1 1 2 2 1 2 2 0 0 0 0 0 1 1 1 0 0 1 1 1 1 0 1],[1 1 0 0 1 1 0 0 1 1 0 0 0 1 0 1 1 1 0 0 0 0 0 1 0 1 0 1],"[0.108    0.3      0.242    0.133    0.116    0.225    0.233    0.225
 1.402    0.15     0.1      0.317    0.233    0.408    0.425    0.1
 0.116    0.609    0.242    0.15     0.175    0.534    0.408    0.308
 0.241    0.275    0.534    0.072258]",1,sb_int-multiplicative_comp-vsmean_gbatt-true_gbalt-true_lk-gaze-dependent_inh-none,0
7665,37,1,16,compromise,B,L,1,target,17210.0,0.72,0.68,0.52,11,15,19,2,0,1,True,True,True,"[2 1 1 1 1 1 1 2 2 2 2 1 2 2 2 0 0 2 2 1 0 0 2 0 0 0 0 2 2 1 1 1 1 2 2 2 1
 2 2 2 2 1 1 2 1 1 1 2 2 1 1 1 1 1 1 1 0 0 0 1]","[0 0 0 1 1 0 0 0 0 0 1 1 1 0 0 0 0 0 0 0 0 0 0 0 1 0 0 0 0 0 0 0 0 0 1 1 1
 1 0 0 0 0 1 1 1 0 0 0 0 0 0 1 0 0 1 1 1 0 0 0]","[0.158 0.258 0.216 0.133 0.358 0.25  0.1   0.208 0.242 0.125 0.35  0.358
 0.141 0.183 0.108 0.242 0.25  0.267 0.2   0.35  0.533 0.609 0.267 0.175
 0.383 0.308 0.175 0.183 0.166 0.225 0.125 0.417 0.425 0.467 0.467 0.375
 0.275 0.091 0.216 0.458 0.175 0.375 0.358 0.492 0.317 0.208 0.083 0.158
 0.166 0.25  0.091 0.308 0.15  0.258 0.1   0.3   0.258 0.158 0.233 0.35 ]",1,sb_int-multiplicative_comp-vsmean_gbatt-true_gbalt-true_lk-gaze-dependent_inh-none,0
7666,37,1,17,compromise,B,L,1,target,14220.0,0.72,0.65,0.58,10,15,18,2,0,1,False,False,True,"[2 1 1 1 1 1 2 2 2 1 2 2 2 2 1 1 0 0 2 2 1 1 2 2 0 0 0 0 2 2 1 1 1 1 1 2 1
 0 0 1 1 2 2 1 2 2 2 1 2 2 2 1 1 1]","[0 1 0 1 1 0 1 1 0 0 1 0 0 1 1 1 0 0 1 0 0 0 0 0 1 0 1 1 0 0 1 0 0 1 1 0 0
 1 0 0 0 1 1 1 0 1 0 1 0 1 0 1 1 0]","[0.15    0.775   0.2     0.191   0.258   0.375   0.2     0.2     0.459
 0.358   0.2     0.108   0.141   0.358   0.225   0.1     0.191   0.233
 0.15    0.283   0.233   0.15    0.333   0.133   0.383   0.433   0.225
 0.1     0.091   0.166   0.425   0.183   0.175   0.108   0.2     0.166
 0.35    0.267   0.208   0.1     0.2     0.183   0.091   0.425   0.15
 0.375   0.2     0.125   0.266   0.233   0.225   0.25    0.15    0.13162]",2,sb_int-multiplicative_comp-vsmean_gbatt-true_gbalt-true_lk-gaze-dependent_inh-none,0
7667,37,1,18,attraction,B,M,1,target,17460.0,0.72,0.62,0.6,10,15,14,2,1,0,False,True,True,"[1 2 2 2 2 2 2 2 2 2 2 1 1 1 2 1 2 2 2 1 2 1 1 1 1 1 1 2 1 0 0 0 0 1 1 0 1
 0 0 0 0 0 1 1 0 0 0 1 1 0 0 0 0 0 1 1 1 0 1 1 2]","[0 0 0 1 1 0 1 1 1 1 0 0 0 0 1 1 0 0 1 1 1 0 1 1 0 1 1 0 1 0 1 1 0 1 0 1 0
 1 1 1 1 1 0 0 1 1 1 0 0 1 1 0 1 1 0 1 1 0 0 0 0]","[0.158    0.3      0.183    0.258    0.125    0.534    0.308    0.083
 0.15     0.425    0.141    0.091    0.433    0.175    0.283    0.2
 0.45     0.116    0.141    0.158    0.308    0.45     0.3      0.125
 0.425    0.158    0.2      0.342    0.116    0.25     0.35     0.308
 0.208    0.308    0.108    0.225    0.417    0.3      0.15     0.1
 0.125    0.275    0.225    0.216    0.25     0.475    0.25     0.342
 0.383    0.25     0.5      0.509    0.158    0.15     0.258    0.2
 0.166    0.191    0.166    0.308    0.033739]",0,sb_int-multiplicative_comp-vsmean_gbatt-true_gbalt-true_lk-gaze-dependent_inh-none,0
7668,37,1,19,compromise,A,L,1,competitor,14530.0,0.78,0.68,0.85,10,15,8,1,0,2,False,False,False,"[0 1 1 1 0 1 1 1 1 1 1 1 1 1 1 1 0 0 0 1 1 0 2 2 2 2 0 2 2 0 0 0 1 1 0 1 1
 1 0 0 2 2 2 0 1 1 0 0 2 0 0 1 1]","[1 1 0 0 0 0 0 1 0 1 1 0 1 1 1 0 0 0 1 1 0 0 0 0 1 1 1 0 0 0 1 1 1 1 1 1 0
 0 0 1 1 0 0 0 0 1 0 1 1 1 1 1 1]","[0.125    0.241    0.225    0.15     0.083    0.091    0.116    0.6
 0.408    0.3      0.242    0.484    0.133    0.65     0.367    0.3
 0.283    0.116    0.241    0.25     0.241    0.225    0.1      0.258
 0.191    0.442    0.158    0.217    0.367    0.116    0.125    0.258
 0.158    0.267    0.358    0.133    0.158    0.15     0.192    0.241
 0.475    0.3      0.158    0.166    0.241    0.25     0.166    0.25
 0.458    0.191    0.125    0.108    0.158469]",2,sb_int-multiplicative_comp-vsmean_gbatt-true_gbalt-true_lk-gaze-dependent_inh-none,0
7669,37,1,20,attraction,A,L,1,competitor,13320.0,0.72,0.65,0.7,11,15,10,1,0,2,True,False,True,"[1 1 1 1 1 1 1 1 0 0 1 1 0 2 2 2 2 2 2 2 2 2 2 2 0 0 0 2 2 2 2 0 1 1 1 1 1
 1 0 0 1 0 0 1 0 1]","[1 1 1 1 0 1 1 0 0 1 1 1 0 0 0 1 1 0 0 0 0 1 0 0 1 1 0 1 0 0 1 0 1 1 0 0 1
 1 1 1 0 0 0 0 0 1]","[0.108    0.442    0.116    0.083    0.375    0.308    0.325    0.542
 0.417    0.266    0.192    0.192    0.141    0.208    0.258    0.183
 0.2      0.083    0.325    0.275    0.425    0.492    0.191    0.342
 0.216    0.2      0.283    0.242    0.141    0.433    0.233    0.317
 0.267    0.241    0.1      0.108    0.15     0.317    0.2      0.175
 0.35     0.308    0.241    0.375    0.258    0.233188]",1,sb_int-multiplicative_comp-vsmean_gbatt-true_gbalt-true_lk-gaze-dependent_inh-none,0
7670,37,1,21,compromise,A,M,0,target,8039.999999999999,0.78,0.65,0.82,11,14,8,1,0,2,False,True,True,[1 1 1 1 0 0 0 0 1 0 0 2 2 2 1 1 0 1 1 0 0 2 2 2 2 2 0 0 0 0],[0 1 1 0 1 1 0 1 1 1 1 0 0 1 1 1 0 0 0 0 0 1 0 1 0 0 1 0 0 1],"[0.3      0.241    0.208    0.258    0.216    0.175    0.333    0.458
 0.442    0.083    0.267    0.233    0.2      0.2      0.15     0.175
 0.25     0.191    0.492    0.175    0.1      0.242    0.175    0.175
 0.275    0.133    0.292    0.3      0.175    0.027864]",0,sb_int-multiplicative_comp-vsmean_gbatt-true_gbalt-true_lk-gaze-dependent_inh-none,0
7671,37,1,22,compromise,A,M,0,target,11290.0,0.75,0.65,0.85,11,15,9,1,0,2,False,False,True,"[1 1 1 1 1 1 1 0 0 0 0 1 0 1 0 2 2 2 2 2 0 0 1 0 1 1 1 0 0 1 1 1 0 0 2 2 2
 2]","[1 1 0 0 1 1 0 0 0 1 1 1 0 0 0 1 0 0 1 1 1 1 1 1 1 0 0 0 0 0 1 1 1 0 0 0 1
 1]","[0.175    0.709    0.191    0.183    0.333    1.176    0.358    0.133
 0.241    0.175    0.267    0.2      0.392    0.267    0.2      0.191
 0.283    0.141    0.2      0.208    0.083    0.175    0.4      0.308
 0.15     0.125    0.183    0.267    0.1      0.383    0.375    0.083
 0.55     0.4      0.208    0.091    0.25     0.085218]",2,sb_int-multiplicative_comp-vsmean_gbatt-true_gbalt-true_lk-gaze-dependent_inh-none,0
7672,37,1,23,compromise,A,R,1,competitor,15090.0,0.72,0.68,0.82,11,15,8,1,2,0,True,True,False,"[1 1 1 0 2 2 2 2 2 0 0 0 0 0 2 2 0 0 1 1 1 1 1 0 2 1 1 1 1 1 2 0 0 2 1 1 0
 0 0 0 1 1 0 1 1 0 0 1 1 1 2 2 2]","[0 0 0 0 1 0 1 0 0 1 0 0 1 1 1 1 1 1 0 0 1 1 0 0 1 0 0 0 1 1 0 1 0 1 0 0 0
 1 1 0 0 1 0 0 0 1 1 0 0 0 1 0 0]","[0.25     0.15     0.116    0.158    0.642    0.4      0.584    0.083
 0.926    0.175    0.141    0.158    0.175    0.158    0.133    0.217
 0.25     0.15     0.242    0.183    0.25     0.3      0.292    0.283
 0.091    0.25     0.483    0.216    0.292    0.183    0.5      0.158
 0.191    0.358    0.191    0.141    0.325    0.191    0.317    0.283
 0.141    0.392    0.375    0.233    0.133    0.166    0.2      0.141
 0.133    0.15     0.225    0.108    0.177467]",2,sb_int-multiplicative_comp-vsmean_gbatt-true_gbalt-true_lk-gaze-dependent_inh-none,0
7673,37,1,24,compromise,A,L,0,target,11630.0,0.75,0.65,0.82,11,15,8,0,1,2,True,False,False,"[0 0 1 0 0 1 1 1 1 0 0 0 1 0 0 1 1 2 2 2 2 2 2 1 1 1 1 0 0 0 0 0 1 1 0 1 0
 1 1 0 1 1]","[0 0 0 1 1 1 1 0 0 0 0 1 1 0 0 0 0 0 1 1 0 1 1 0 1 0 1 0 0 1 0 0 0 0 0 0 1
 1 1 0 0 0]","[0.1      0.659    0.183    0.091    0.617    0.3      0.233    0.25
 0.158    0.141    0.191    0.258    0.275    0.108    0.15     0.183
 0.125    0.192    0.225    0.258    0.375    0.158    0.283    0.342
 0.55     0.208    0.208    0.15     0.191    0.342    0.125    0.3
 0.125    0.25     0.292    0.166    0.25     0.133    0.5      0.208
 0.208    0.349547]",1,sb_int-multiplicative_comp-vsmean_gbatt-true_gbalt-true_lk-gaze-dependent_inh-none,0
7674,37,1,25,attraction,B,L,0,competitor,22160.0,0.72,0.62,0.6,11,15,14,0,2,1,False,True,True,"[2 0 0 0 2 2 2 0 2 0 2 2 0 1 1 1 0 0 2 1 1 2 2 1 1 0 0 1 1 1 1 0 1 1 2 0 0
 0 0 1 1 1 1 2 2 1 1 1 2 2 1 1 1 1 2 2 1 1 1 0 0 0 0 1 0 0 1 1 1 1 0 0]","[0 1 0 0 0 0 1 1 0 0 0 0 0 0 1 1 1 1 1 1 0 0 0 0 0 0 1 1 1 0 0 0 0 0 0 1 0
 1 1 1 1 0 0 0 0 0 0 1 1 1 1 1 0 0 0 0 0 0 1 0 1 0 0 0 1 0 0 0 0 1 1 1]","[0.083    0.25     0.125    0.233    0.225    0.15     0.266    0.408
 0.208    0.242    0.417    0.158    0.241    0.417    0.208    0.125
 0.15     0.133    0.317    0.183    0.367    0.283    0.3      0.2
 0.116    0.508    0.333    0.233    0.225    0.216    0.283    0.317
 0.166    0.283    0.158    0.191    0.242    0.191    0.25     0.492
 0.083    0.183    0.358    0.433    0.158    0.225    0.1      0.45
 0.133    0.233    0.3      1.243    0.183    0.208    0.3      0.158
 0.317    0.467    0.617    0.317    0.342    0.083    0.433    0.225
 0.308    0.592    0.1      0.525    0.125    0.175    0.1      0.176829]",0,sb_int-multiplicative_comp-vsmean_gbatt-true_gbalt-true_lk-gaze-dependent_inh-none,0
7675,37,1,26,attraction,A,L,0,target,23230.0,0.75,0.65,0.73,11,15,10,0,1,2,True,False,True,"[1 0 0 0 0 0 1 1 1 0 1 1 1 1 1 0 1 1 2 2 2 2 2 2 1 1 2 0 0 0 0 0 0 0 0 0 0
 0 0 1 1 0 0 1 1 1 0 1 1 1 1 1 0 0 0 1 0 1 0 1 2 2 2 2 0 0 2 0 0 1 1 1 1 1
 0 1 0]","[1 0 0 1 0 0 0 0 1 1 0 1 1 0 0 0 0 0 0 0 1 1 0 0 1 0 1 0 0 1 0 0 0 0 0 0 1
 0 0 0 0 1 1 1 0 0 0 1 0 1 1 0 1 0 0 0 1 1 0 0 1 0 0 1 1 1 0 0 1 0 1 0 0 1
 1 0 0]","[0.108    0.108    0.35     0.25     0.208    0.2      0.2      0.192
 0.467    0.217    0.158    0.216    0.133    0.267    0.083    0.342
 0.1      0.175    0.25     0.183    0.125    0.425    0.225    0.567
 0.183    0.216    0.383    0.25     0.133    0.225    0.191    0.317
 0.5      0.3      0.617    0.275    0.3      0.091    0.258    0.208
 0.166    0.175    0.25     0.383    0.191    0.283    0.283    1.076
 0.358    0.383    0.408    0.241    0.35     0.2      0.141    0.375
 0.242    0.317    0.542    0.116    0.091    0.308    0.133    0.258
 0.166    0.208    0.242    0.308    0.367    0.191    0.383    0.225
 0.083    0.367    0.467    0.217    0.154751]",0,sb_int-multiplicative_comp-vsmean_gbatt-true_gbalt-true_lk-gaze-dependent_inh-none,0
7676,37,1,27,compromise,B,R,2,decoy,16030.000000000002,0.72,0.62,0.58,10,14,19,0,1,2,True,True,True,"[0 0 0 1 2 2 2 2 2 2 2 2 2 2 2 2 2 2 1 1 2 1 0 2 0 2 1 1 0 0 1 1 1 1 1 1 2
 1 1 2 2 1 0 0 0 0 0 0 0 0 0 2]","[0 0 1 1 1 0 0 1 0 0 1 1 0 0 0 0 1 0 0 1 0 0 0 0 1 1 1 1 1 1 1 0 0 1 1 0 1
 0 0 0 0 0 0 1 0 0 0 1 0 1 0 0]","[0.241 0.191 0.4   0.225 0.358 0.292 0.191 0.342 0.191 0.2   0.392 0.133
 0.116 0.517 0.266 0.55  0.417 0.258 0.208 0.325 0.192 0.292 0.508 0.108
 0.208 0.308 0.141 0.15  0.275 0.242 0.116 0.283 0.175 0.183 0.15  0.133
 0.35  0.208 0.15  0.1   0.342 0.241 0.475 0.25  0.108 0.342 0.225 0.225
 0.233 0.408 0.25  0.559]",2,sb_int-multiplicative_comp-vsmean_gbatt-true_gbalt-true_lk-gaze-dependent_inh-none,0
7677,37,1,28,compromise,B,M,0,competitor,14140.0,0.78,0.65,0.52,11,14,18,1,0,2,False,True,True,"[1 1 1 1 1 1 0 0 0 0 1 1 1 0 0 0 0 1 1 0 0 0 0 1 0 0 1 1 1 0 1 1 0 0 2 2 2
 0 0 2 0 2 2 0 0 0 0 1 1 0 0]","[0 0 1 1 0 1 0 1 1 0 1 0 1 1 1 1 0 0 0 0 0 1 1 1 1 1 1 1 0 1 1 1 1 1 0 0 1
 0 0 1 1 0 0 1 1 0 0 0 0 0 1]","[0.191    0.175    0.208    0.133    0.367    0.433    0.216    0.275
 0.183    0.158    0.175    0.525    0.5      0.1      0.125    0.258
 0.375    0.208    0.216    0.083    0.241    0.242    0.1      0.475
 0.25     0.233    0.225    0.375    0.242    0.183    0.258    0.083
 0.166    0.125    0.191    0.225    0.35     0.2      0.45     0.2
 0.116    0.233    0.141    0.425    0.233    0.108    0.675    0.233
 0.133    0.15     0.225713]",0,sb_int-multiplicative_comp-vsmean_gbatt-true_gbalt-true_lk-gaze-dependent_inh-none,0
7678,37,1,29,compromise,A,L,2,decoy,17960.0,0.75,0.62,0.88,11,15,8,1,2,0,False,False,True,"[0 2 2 2 2 2 2 0 0 0 0 1 2 0 0 0 2 0 0 0 2 0 0 2 1 1 1 1 1 0 0 1 1 2 2 1 2
 1 1 1 1 2 1 1 2 2 1 1 1 2 2 2 2 2 2]","[1 0 0 1 1 0 0 1 0 1 1 1 1 1 1 0 0 0 1 1 1 1 1 1 0 0 1 1 0 1 0 0 1 0 0 1 0
 1 1 0 0 1 0 0 1 1 1 1 0 1 1 0 1 0 0]","[0.141    0.083    0.233    0.25     0.258    0.233    0.175    0.283
 0.35     0.166    0.4      0.141    0.35     0.116    0.091    0.308
 0.525    0.175    0.141    0.208    0.325    0.15     0.267    0.233
 0.258    0.25     0.225    0.275    0.317    0.342    0.325    0.175
 0.383    0.45     0.116    0.458    0.241    0.1      0.141    0.266
 0.116    0.592    0.475    0.166    0.375    0.108    0.25     0.801
 0.275    0.15     0.125    0.508    0.75     0.2      0.703093]",2,sb_int-multiplicative_comp-vsmean_gbatt-true_gbalt-true_lk-gaze-dependent_inh-none,0
7679,37,1,30,compromise,A,L,1,competitor,15360.0,0.72,0.65,0.82,11,15,8,1,0,2,False,False,False,"[1 1 1 1 1 0 0 0 1 0 0 1 0 2 2 2 2 0 2 2 2 2 1 1 2 2 2 2 2 2 2 1 0 2 2 2 2
 2 2 1 1 1 2 1 1]","[1 1 0 0 1 1 0 0 0 0 1 1 1 1 1 1 0 0 1 1 0 0 1 1 1 0 0 1 1 0 0 1 1 1 0 0 1
 1 1 1 1 0 0 1 1]","[0.183   0.15    0.192   0.25    0.333   0.325   0.241   0.1     0.375
 0.258   0.308   0.3     0.417   0.116   0.417   0.208   0.467   0.175
 0.292   0.775   0.283   0.15    0.141   0.216   0.467   0.258   0.125
 0.133   0.817   0.083   0.1     0.258   0.417   0.567   0.125   0.166
 0.483   0.817   0.141   0.241   0.258   0.342   0.375   0.133   0.22247]",2,sb_int-multiplicative_comp-vsmean_gbatt-true_gbalt-true_lk-gaze-dependent_inh-none,0
7680,37,1,31,compromise,B,R,1,target,19930.0,0.72,0.68,0.58,10,15,19,1,2,0,True,False,True,"[0 2 2 2 2 2 2 2 2 2 2 2 0 0 1 2 2 2 2 0 0 0 0 0 2 0 0 2 2 0 2 2 1 1 1 1 1
 2 2 2 1 1 2 2 0 0 1 1 0 1 0 0 0 0 0 1 1 0 1 2 2 1 2 1 1 1]","[0 0 1 1 1 0 0 1 1 0 1 1 0 0 1 1 1 0 0 0 0 1 0 0 1 0 0 0 0 1 0 0 1 1 0 1 1
 1 0 0 1 0 0 0 1 1 0 1 0 1 0 0 1 1 0 1 1 0 1 0 1 1 0 1 0 1]","[0.175    0.375    0.325    0.45     0.275    0.333    0.709    0.141
 0.125    0.291    0.308    0.225    0.241    0.108    0.292    0.183
 0.283    0.083    0.809    0.283    0.125    0.358    0.233    0.125
 0.383    0.091    0.141    0.166    0.1      0.358    0.4      0.2
 0.175    0.166    0.383    0.15     0.242    0.45     0.083    0.1
 0.233    0.726    0.083    0.241    0.083    0.325    0.433    0.325
 0.367    0.291    0.258    0.467    0.141    0.383    0.35     0.216
 0.342    0.241    0.342    0.2      0.417    0.125    0.317    0.166
 0.442    0.031237]",1,sb_int-multiplicative_comp-vsmean_gbatt-true_gbalt-true_lk-gaze-dependent_inh-none,0
7681,37,1,32,filler,,L,0,,24330.0,0.19,0.59,0.81,52,16,12,0,1,2,False,True,False,"[0 0 0 0 0 0 1 1 1 1 0 2 2 0 0 1 1 1 1 1 0 0 0 0 1 1 2 2 2 2 2 2 2 1 2 2 1
 1 1 1 1 2 2 2 1 2 2 0 1 1 1 2 2 2 2 2 0 0 0 0 0 0 0 0 0 0 0 2 1 0 0]","[1 1 1 0 0 1 0 1 0 0 0 0 0 1 1 0 0 1 0 0 0 1 1 0 0 0 0 1 1 0 0 1 1 0 0 0 0
 1 0 0 1 0 1 1 0 0 0 1 0 0 1 0 1 1 1 1 1 0 0 1 1 0 1 1 0 1 1 1 0 0 1]","[0.1      0.083    0.175    0.25     0.659    0.333    0.2      0.342
 0.183    0.317    0.475    0.258    0.116    0.166    0.567    0.191
 0.166    0.342    0.266    0.166    0.3      0.183    0.158    0.225
 0.216    0.751    0.233    0.158    0.342    0.225    0.208    0.2
 0.358    0.141    0.959    0.133    0.225    0.225    0.233    0.292
 0.475    0.125    0.158    0.333    0.533    0.175    0.233    0.283
 0.158    0.116    0.233    0.191    0.141    0.375    0.133    0.375
 0.559    0.317    1.669    0.425    0.617    0.458    0.225    0.976
 0.158    0.158    0.133    0.417    0.166    0.292    0.035862]",0,sb_int-multiplicative_comp-vsmean_gbatt-true_gbalt-true_lk-gaze-dependent_inh-none,0
7682,37,1,33,attraction,B,L,0,competitor,12870.0,0.75,0.65,0.63,10,14,13,0,2,1,True,False,False,"[2 0 0 0 0 0 0 0 2 2 2 1 1 2 2 2 0 1 1 1 1 2 0 1 1 0 1 1 1 0 0 1 0 1 1 1 0
 0 0 0 0 0]","[1 0 0 0 1 0 1 1 0 1 1 1 1 1 0 0 0 0 0 1 1 1 1 1 0 0 0 1 1 1 1 1 0 0 0 1 0
 0 0 1 0 0]","[0.091    0.25     0.742    0.175    1.285    0.45     0.083    0.125
 0.216    0.158    0.275    0.083    0.133    0.25     0.175    0.141
 0.367    0.108    0.233    0.225    0.133    0.183    0.258    0.575
 0.358    0.241    0.242    0.1      0.192    0.141    0.308    0.175
 0.25     0.166    0.191    0.225    0.342    0.784    0.158    0.634
 0.091    0.136125]",0,sb_int-multiplicative_comp-vsmean_gbatt-true_gbalt-true_lk-gaze-dependent_inh-none,0
7683,37,1,34,compromise,B,M,2,decoy,18590.0,0.75,0.62,0.58,11,14,19,2,0,1,False,True,True,"[1 1 1 1 1 1 1 1 1 1 1 1 1 1 1 2 2 1 2 2 2 2 1 2 1 2 1 2 2 1 2 0 0 0 2 2 2
 0 0 0 2 0 0 2 2 1 1 1 0 0 1 1 1 0 0 2 2]","[0 0 0 1 0 0 0 0 0 0 0 1 1 0 0 0 0 1 1 0 1 1 0 0 1 0 0 1 1 0 0 1 1 0 1 0 0
 0 0 1 0 1 1 1 1 0 0 1 0 0 1 0 0 1 1 0 0]","[0.267    0.233    0.141    0.792    0.442    0.308    0.15     0.108
 0.125    0.559    0.266    0.333    1.226    0.125    0.2      0.2
 0.759    0.275    0.216    0.35     0.2      0.2      0.183    0.483
 0.392    0.567    0.25     0.175    0.158    0.208    0.216    0.308
 0.6      0.433    0.166    0.233    0.2      0.125    0.225    0.083
 0.408    0.316    0.133    0.091    0.4      0.175    0.3      0.45
 0.133    0.4      0.408    0.166    0.166    0.183    0.183    0.283
 0.048514]",2,sb_int-multiplicative_comp-vsmean_gbatt-true_gbalt-true_lk-gaze-dependent_inh-none,0
7684,37,1,35,compromise,B,R,1,target,15290.0,0.72,0.65,0.52,11,15,18,1,2,0,False,False,False,"[2 2 2 2 2 2 0 0 0 0 2 0 0 2 2 0 0 2 2 1 0 0 0 0 1 0 0 1 0 0 1 1 0 0 0 0 2
 2 1 1 1 1 2 2 2 2 1 1 1]","[1 1 0 0 1 0 0 0 1 1 1 0 0 0 0 0 1 1 1 1 1 1 0 0 0 0 1 1 1 1 1 0 0 1 0 0 0
 1 1 0 1 1 1 1 0 0 0 1 1]","[0.116    0.375    0.325    0.717    0.667    0.25     0.133    0.083
 0.158    0.567    0.258    0.216    0.342    0.108    0.166    0.133
 0.383    0.083    0.55     0.4      0.216    0.1      0.208    0.091
 0.442    0.183    0.283    0.659    0.183    0.175    0.15     0.258
 0.342    0.984    0.225    0.292    0.317    0.208    0.458    0.192
 0.183    0.258    0.15     0.208    0.208    0.158    0.383    0.116
 0.183881]",1,sb_int-multiplicative_comp-vsmean_gbatt-true_gbalt-true_lk-gaze-dependent_inh-none,0
7685,37,1,36,filler,,M,0,,15550.0,0.29,0.42,0.72,34,23,13,1,0,2,True,True,True,"[0 1 1 1 1 1 1 1 1 0 0 0 0 0 2 2 2 2 2 2 2 2 2 2 2 2 2 2 2 2 2 2 0 0 1 1 2
 0 0 0 1 1 1 1 0 0 0 0]","[0 0 0 0 0 0 1 0 0 0 0 1 0 0 0 0 1 1 0 0 0 0 1 1 0 0 0 0 0 1 0 0 0 0 0 1 1
 1 0 0 0 0 1 1 1 1 0 0]","[0.116    0.15     0.525    0.25     0.091    0.25     0.375    0.116
 0.15     0.116    0.35     0.408    0.125    0.358    0.5      0.775
 0.15     0.333    0.283    0.3      0.291    0.191    0.3      0.342
 0.15     0.225    0.667    0.3      0.592    0.45     0.175    0.15
 0.108    0.183    0.492    0.35     0.183    0.433    0.217    0.584
 0.342    0.125    0.191    0.125    0.317    0.333    0.191    0.193722]",0,sb_int-multiplicative_comp-vsmean_gbatt-true_gbalt-true_lk-gaze-dependent_inh-none,0
7686,37,1,37,attraction,A,M,1,competitor,15300.0,0.78,0.68,0.76,10,15,9,0,1,2,True,False,False,"[0 0 0 0 0 0 0 0 1 1 1 1 1 0 1 1 1 2 2 2 2 1 1 1 0 0 0 1 1 1 1 0 0 0 1 2 1
 2 1 1 0 0 1 1]","[0 0 1 0 1 0 0 1 1 1 0 0 1 0 1 0 0 0 0 1 1 1 0 0 0 0 1 1 0 0 1 1 0 0 1 1 0
 0 1 1 1 1 1 0]","[0.166    0.317    0.417    0.125    0.634    0.091    0.525    0.325
 0.091    0.325    0.25     0.258    0.934    0.166    0.659    0.183
 0.25     0.35     0.133    0.208    0.25     0.45     0.191    0.116
 0.308    0.175    0.425    0.659    0.392    0.358    0.55     0.35
 0.108    0.392    0.375    0.108    0.375    0.342    0.217    0.133
 0.183    0.216    0.325    0.163856]",1,sb_int-multiplicative_comp-vsmean_gbatt-true_gbalt-true_lk-gaze-dependent_inh-none,0
7687,37,1,38,attraction,B,L,0,competitor,11130.0,0.72,0.62,0.6,11,15,14,0,1,2,True,True,False,"[1 0 0 0 0 0 1 1 2 2 2 2 2 2 2 2 2 0 0 0 0 2 2 2 0 0 0 0 1 1 1 0 0 1 0 1 0
 1]","[0 0 0 1 1 0 0 1 0 0 1 1 1 0 0 1 1 0 1 0 0 1 0 0 0 1 1 0 0 1 0 0 1 1 1 0 0
 0]","[0.183 0.408 0.183 0.216 0.133 0.317 0.275 0.358 0.3   0.091 0.358 0.091
 0.317 0.2   0.183 0.183 0.2   0.233 0.358 0.116 0.333 0.191 0.183 0.208
 0.175 0.267 0.158 0.275 0.275 0.35  0.375 0.15  0.208 0.375 0.091 0.2
 0.275 0.166]",0,sb_int-multiplicative_comp-vsmean_gbatt-true_gbalt-true_lk-gaze-dependent_inh-none,0
7688,37,1,39,filler,,M,1,,11540.0,0.16,0.46,0.87,62,21,11,0,1,2,False,True,True,"[1 0 0 0 0 0 0 0 1 1 1 1 1 2 2 2 2 2 2 2 2 1 1 2 2 1 1 1 1 2 2 2 2 1 2 2 2
 1 1 1 1 1 1 1]","[0 1 0 1 0 0 1 1 0 0 1 1 0 0 0 1 1 0 0 1 1 1 1 1 0 0 0 1 1 1 0 0 1 1 1 0 0
 0 0 1 0 0 1 0]","[0.158    0.75     0.283    0.283    0.208    0.417    0.141    0.292
 0.291    0.1      0.166    0.125    0.358    0.208    0.175    0.325
 0.1      0.175    0.225    0.1      0.225    0.283    0.175    0.166
 0.3      0.091    0.425    0.308    0.392    0.225    0.383    0.141
 0.342    0.216    0.267    0.2      0.183    0.091    0.091    0.166
 0.2      0.083    0.141    0.095428]",1,sb_int-multiplicative_comp-vsmean_gbatt-true_gbalt-true_lk-gaze-dependent_inh-none,0
7689,37,1,40,compromise,A,M,2,decoy,16450.0,0.78,0.65,0.82,11,14,9,2,0,1,False,True,True,"[2 1 1 1 1 1 2 2 2 1 1 2 2 1 2 2 0 0 1 1 1 2 1 2 1 1 1 2 1 0 0 0 0 0 2 0 0
 2 0 0 2 0 2 2 0 2 2 2 2 2]","[0 0 0 0 1 0 1 1 0 0 0 0 0 1 0 1 1 1 0 0 0 1 1 0 1 0 0 1 0 1 1 0 1 0 0 1 1
 1 1 1 0 0 0 0 0 0 0 1 1 0]","[0.125    0.266    0.242    0.2      0.483    0.292    0.258    0.358
 0.15     0.125    0.25     0.091    0.333    0.4      0.191    0.417
 0.25     0.116    0.225    0.091    0.65     0.108    0.35     0.559
 0.375    0.15     0.125    0.367    0.183    0.275    0.701    0.191
 0.258    1.234    0.508    0.083    0.158    0.292    0.116    0.141
 0.275    0.458    0.1      0.175    0.241    0.116    0.208    0.275
 0.116    0.155802]",2,sb_int-multiplicative_comp-vsmean_gbatt-true_gbalt-true_lk-gaze-dependent_inh-none,0
7690,37,1,41,compromise,B,L,1,target,12580.0,0.75,0.68,0.55,10,14,18,1,0,2,True,True,False,"[1 1 1 1 1 1 0 0 0 1 1 1 1 0 1 0 0 0 1 1 0 1 1 1 2 2 2 2 2 1 1 1 2 2 1 1 0
 0 0 0 0 0 0 1 1 1]","[0 0 1 1 0 0 0 0 0 0 0 1 1 1 1 1 0 0 0 0 0 0 1 0 1 0 0 1 1 1 1 0 1 0 0 0 0
 1 0 0 0 1 1 1 0 0]","[0.25     0.266    0.1      0.3      0.233    0.225    0.266    0.175
 0.125    0.15     0.125    0.1      0.141    0.383    0.458    0.275
 0.225    0.108    0.166    0.083    0.15     0.116    0.375    0.208
 0.275    0.208    0.116    0.116    0.392    0.45     0.425    0.2
 0.15     0.216    0.108    0.158    0.241    0.283    0.108    0.175
 0.475    0.55     0.258    0.158    0.191    0.092898]",1,sb_int-multiplicative_comp-vsmean_gbatt-true_gbalt-true_lk-gaze-dependent_inh-none,0
7691,37,1,42,compromise,B,M,2,decoy,20170.0,0.72,0.68,0.58,11,14,19,0,2,1,False,True,False,"[2 0 0 0 0 0 0 2 1 1 1 2 0 0 0 2 2 2 2 0 2 2 2 2 0 2 2 0 0 2 1 1 1 1 2 1 2
 1 1 2 1 1 1 2 1 1 2 1 1 1 2 2 2 2 2 2 2]","[1 1 1 0 0 1 1 0 1 0 0 1 0 0 0 1 1 1 0 1 1 1 0 0 1 0 1 0 0 1 0 0 1 1 1 0 0
 0 0 0 0 1 1 1 1 1 1 1 0 0 0 0 1 1 0 0 1]","[0.2      0.141    0.192    0.508    0.108    0.091    0.433    0.367
 0.2      0.141    0.141    0.208    0.183    0.191    0.442    0.183
 0.133    0.083    0.392    0.442    0.1      0.166    0.266    0.392
 0.4      0.166    0.216    0.216    0.158    0.116    0.233    1.527
 0.183    0.592    0.175    0.358    0.434    0.191    0.4      0.484
 0.266    0.2      0.55     0.383    0.15     0.258    0.442    0.258
 0.116    0.25     0.208    0.217    0.625    0.125    0.25     0.083
 0.124927]",2,sb_int-multiplicative_comp-vsmean_gbatt-true_gbalt-true_lk-gaze-dependent_inh-none,0
7692,37,1,43,attraction,B,M,1,target,24060.0,0.75,0.62,0.6,10,15,14,0,1,2,True,True,False,"[1 0 0 0 0 1 1 0 0 0 0 1 1 1 0 0 1 1 1 0 1 1 0 1 1 1 1 0 0 0 0 2 2 2 2 2 2
 2 0 0 0 0 2 2 2 1 1 1 2 2 2 2 2 1 1 1 1 1 0 0 0 0 0 0 0 0 0 1 1 1 1 1 1 1
 0 0 1 1 1]","[0 0 0 1 1 0 1 1 1 0 0 0 0 0 0 0 0 0 1 1 1 0 0 0 0 0 1 1 1 0 0 1 0 0 1 0 0
 0 1 0 0 1 0 1 1 1 0 0 0 1 0 1 1 1 1 0 0 0 0 0 1 1 0 0 0 1 1 1 0 0 0 1 0 0
 0 0 0 0 0]","[0.2      0.275    0.208    0.1      0.759    0.275    0.358    0.158
 0.091    0.125    0.325    0.358    0.333    0.116    0.116    0.225
 0.1      0.316    0.408    0.542    0.333    0.342    0.191    0.659
 0.358    0.133    0.6      0.408    0.175    0.175    0.175    0.317
 0.108    0.358    0.634    0.133    0.275    0.108    0.183    0.325
 0.091    0.225    0.342    0.15     0.316    0.317    0.225    0.1
 0.609    0.317    0.383    0.191    0.484    0.2      0.158    0.183
 0.241    0.534    0.291    0.375    0.125    0.175    0.192    0.275
 0.375    0.083    0.3      0.35     0.108    0.417    0.125    0.717
 0.258    0.25     0.116    0.191    0.258    0.308    0.084981]",1,sb_int-multiplicative_comp-vsmean_gbatt-true_gbalt-true_lk-gaze-dependent_inh-none,0
7693,37,1,44,compromise,B,M,2,decoy,11790.0,0.72,0.62,0.55,11,14,19,2,0,1,False,False,True,[1 1 1 1 1 1 2 2 2 1 1 2 2 1 2 1 1 2 0 0 0 0 2 2 1 1 1 0 1 2 2 0 2 2],[1 1 0 1 1 1 0 1 0 0 0 1 0 0 1 1 1 1 0 0 1 0 1 1 0 0 1 1 0 0 1 0 0 0],"[0.241    0.266    0.984    0.458    0.6      0.433    0.166    0.425
 0.392    0.292    0.333    0.108    0.442    0.216    0.158    0.15
 0.216    0.208    0.25     0.475    0.433    0.375    0.283    0.183
 0.116    0.166    0.367    0.367    0.392    0.166    0.166    0.2
 0.116    0.396939]",1,sb_int-multiplicative_comp-vsmean_gbatt-true_gbalt-true_lk-gaze-dependent_inh-none,0
7694,37,1,45,compromise,A,L,2,decoy,17050.0,0.78,0.68,0.88,11,15,8,2,1,0,True,False,False,"[2 2 2 2 2 2 2 2 2 1 1 1 1 1 2 1 1 2 1 1 2 2 1 2 1 2 0 0 0 0 0 0 1 2 2 0 0
 2 2 0 2 0 1 0 0 0 2 2 2 2 2 2]","[1 1 0 1 1 1 0 1 1 1 0 0 1 1 0 1 0 1 1 1 0 0 0 1 0 1 1 1 0 1 0 0 1 0 0 0 1
 1 1 1 1 1 1 0 0 1 0 0 1 1 0 1]","[0.484    0.125    0.584    0.083    0.233    0.175    0.4      0.125
 0.208    0.141    0.25     0.225    0.1      0.408    0.3      0.258
 0.358    0.383    0.166    0.233    0.191    0.408    0.2      0.392
 0.342    0.217    0.233    0.217    0.726    0.4      0.308    0.183
 0.167    0.216    0.192    0.292    0.2      0.1      0.283    0.258
 0.592    0.125    0.158    0.317    0.558    0.167    0.108    0.258
 0.2      0.701    0.709    0.081068]",2,sb_int-multiplicative_comp-vsmean_gbatt-true_gbalt-true_lk-gaze-dependent_inh-none,0
7695,37,1,46,compromise,A,R,2,decoy,26800.0,0.78,0.62,0.85,11,14,8,1,0,2,True,False,False,"[1 1 1 1 1 1 1 1 1 1 1 1 1 0 0 1 1 0 0 0 1 1 1 1 1 0 2 2 2 1 0 2 2 0 1 1 1
 0 0 2 0 2 0 2 2 0 2 1 0 0 0 2 2 0 0 2 2 0 0 2 2 2 1 0 0 1 1 1 1 1 1 0 0 0
 1 1 2 2 2 1 2 2 1 2]","[1 1 0 0 1 1 0 1 0 0 0 1 1 0 1 1 1 1 1 0 0 0 1 1 0 0 1 0 0 1 0 1 0 1 0 1 1
 1 0 1 0 0 1 0 0 1 0 0 1 1 0 1 1 0 0 1 1 0 0 1 1 0 0 1 1 1 0 1 1 0 1 0 1 1
 0 0 1 0 0 1 0 0 1 1]","[0.325    0.125    0.325    0.483    0.083    0.333    0.617    0.308
 0.1      0.175    0.225    0.216    0.158    0.383    0.175    0.283
 0.208    0.116    0.325    0.283    0.15     0.191    0.408    0.158
 0.375    0.392    0.542    0.208    0.217    0.25     0.183    0.625
 0.433    0.191    0.233    0.208    0.183    0.15     0.175    0.4
 0.5      0.158    0.292    0.141    0.133    0.258    0.266    0.2
 0.183    0.183    0.625    0.083    0.258    0.267    0.266    0.993
 0.275    0.342    0.333    0.233    0.25     0.3      0.208    0.216
 0.158    0.383    0.433    0.108    0.392    0.367    0.25     0.183
 0.258    0.1      0.667    0.091    0.517    0.15     0.1      0.35
 0.133    0.434    0.25     0.194267]",2,sb_int-multiplicative_comp-vsmean_gbatt-true_gbalt-true_lk-gaze-dependent_inh-none,0
7696,37,1,47,attraction,B,M,0,competitor,14300.0,0.78,0.68,0.66,10,14,13,1,2,0,True,True,False,"[2 2 2 2 2 2 2 2 2 0 0 0 0 0 2 0 0 1 1 1 1 1 0 0 1 1 0 1 1 1 1 1 0 0 0 0 0
 0 0 0]","[1 1 1 0 1 0 0 1 0 1 1 0 1 1 1 0 0 0 1 0 0 1 0 0 1 0 1 0 0 0 1 1 0 0 1 1 0
 0 1 0]","[0.133    0.308    0.333    0.45     0.567    0.559    1.168    0.3
 0.316    0.191    0.141    0.333    0.141    0.175    0.4      0.383
 0.158    0.216    0.484    0.2      0.217    0.4      0.433    0.208
 0.166    0.267    0.291    0.325    0.275    0.534    0.175    0.333
 0.208    0.55     0.208    0.242    0.2      0.225    0.492    0.224116]",0,sb_int-multiplicative_comp-vsmean_gbatt-true_gbalt-true_lk-gaze-dependent_inh-none,0
7697,37,1,48,attraction,B,L,0,competitor,26950.0,0.78,0.65,0.63,11,15,14,0,1,2,False,True,False,"[0 0 0 0 0 0 1 1 0 0 0 0 1 1 0 1 1 1 1 1 1 2 2 2 2 2 2 2 2 2 1 1 1 0 0 0 1
 1 0 1 0 1 1 1 1 1 1 1 2 2 2 1 1 2 1 2 2 2 2 2 1 2 1 1 0 0 1 1 1 0 0 1 0 0
 0 0]","[1 1 1 0 0 1 0 0 0 0 1 1 0 0 0 0 0 0 0 1 1 0 0 1 1 0 1 0 1 1 0 0 1 1 0 0 0
 0 1 1 0 0 0 0 1 1 0 0 0 1 0 0 0 1 1 1 1 0 0 1 1 0 0 1 1 1 1 0 0 0 1 1 1 1
 1 0]","[0.1      0.125    0.225    0.183    0.175    0.776    0.258    0.183
 0.141    0.217    0.233    0.091    0.342    0.984    0.392    0.258
 0.383    0.417    0.208    0.692    0.433    0.467    0.191    0.242
 0.459    0.467    0.517    1.201    0.083    0.266    0.208    0.567
 0.4      0.325    0.167    0.216    0.1      0.308    0.559    0.417
 0.3      0.1      0.15     0.141    0.275    0.433    0.208    0.1
 0.192    0.5      0.442    0.158    0.183    0.208    0.283    0.233
 0.175    0.091    0.191    0.233    0.141    0.166    0.325    0.617
 0.266    0.367    0.425    0.25     0.25     0.166    0.266    0.417
 0.25     0.45     0.692    0.245306]",1,sb_int-multiplicative_comp-vsmean_gbatt-true_gbalt-true_lk-gaze-dependent_inh-none,0
7698,37,1,49,compromise,B,R,2,decoy,20140.0,0.78,0.62,0.55,11,14,19,0,1,2,False,True,True,"[0 0 0 0 0 1 1 1 0 0 1 0 1 1 1 1 1 0 0 1 2 2 2 2 0 0 2 2 2 1 1 1 2 2 1 1 2
 2 0 0 0 0 0 0 2 2 2 2 0 0 2 2 2 0 0 2 2 2 2 2 2 2 2 2 2 2]","[1 1 0 0 1 0 0 1 1 1 1 1 0 0 0 0 0 0 0 0 0 0 1 1 1 1 1 1 0 1 0 0 0 0 0 0 0
 1 1 1 0 0 1 1 0 1 0 0 1 1 1 1 0 1 1 0 0 0 1 1 0 0 0 1 0 0]","[0.125    0.367    0.217    0.291    0.125    0.191    0.175    0.367
 0.2      0.517    0.525    0.141    0.158    0.3      0.358    0.141
 0.116    0.2      0.192    0.258    0.275    0.2      0.091    0.483
 0.133    0.325    0.133    0.208    0.133    0.383    0.191    0.15
 0.208    0.208    0.083    0.208    0.35     0.534    0.15     0.417
 0.208    0.55     0.166    0.15     0.183    0.1      0.141    0.3
 0.133    0.408    0.166    0.308    0.191    0.333    0.726    0.158
 0.267    0.492    0.125    0.684    0.208    0.776    0.25     0.333
 0.342    0.349079]",2,sb_int-multiplicative_comp-vsmean_gbatt-true_gbalt-true_lk-gaze-dependent_inh-none,0
7699,37,1,50,attraction,A,R,0,target,14860.0,0.72,0.65,0.7,10,14,9,2,1,0,False,False,False,"[2 2 2 2 2 2 2 2 2 2 1 1 1 2 1 0 0 0 1 1 0 0 1 1 1 0 0 1 0 1 1 0 0 0 0 1 1
 0 1 1 0]","[1 0 0 1 1 0 1 1 0 1 1 0 0 0 1 1 1 0 0 0 1 1 1 0 0 0 1 1 1 1 0 1 1 0 0 0 1
 1 1 1 1]","[0.35     0.2      0.225    0.25     0.308    0.417    0.158    0.3
 0.333    0.133    0.575    0.191    0.158    0.183    0.3      0.158
 0.3      0.408    0.158    0.35     0.15     0.241    0.567    0.383
 0.091    0.241    0.183    0.283    0.4      0.225    0.233    0.217
 0.167    0.225    0.308    0.617    0.433    0.675    0.1      1.009
 1.196058]",0,sb_int-multiplicative_comp-vsmean_gbatt-true_gbalt-true_lk-gaze-dependent_inh-none,0
7700,37,1,51,compromise,B,R,2,decoy,20940.0,0.72,0.68,0.55,10,14,19,1,0,2,False,False,True,"[1 1 1 0 2 2 2 0 2 0 1 1 1 1 1 1 1 1 1 1 1 1 1 1 0 0 0 1 1 0 0 0 0 1 1 0 2
 2 2 2 2 2 2 2 0 2 1 1 1 1 2 2 2 2 2 2 2 0 0 1 1 1 2 2 1 1 1 1 2 2 1 2 2]","[1 0 0 0 1 1 0 1 1 1 1 1 0 0 1 1 1 1 1 0 0 1 1 0 0 1 1 1 1 1 1 0 0 0 0 0 1
 0 0 0 1 1 0 0 1 0 1 1 0 0 0 0 0 1 1 0 0 1 0 0 1 1 0 1 1 1 0 0 0 0 0 1 0]","[0.133    0.091    0.233    0.2      0.15     0.091    0.225    0.183
 0.233    0.2      0.475    0.25     0.183    0.216    0.175    0.108
 0.442    0.675    0.242    0.116    0.509    0.358    0.208    0.333
 0.191    0.534    0.609    0.275    0.091    0.1      0.158    0.208
 0.158    0.158    0.158    0.183    0.175    0.2      0.275    0.108
 0.191    0.2      0.233    0.216    0.325    0.25     0.158    0.859
 0.125    0.367    0.166    0.325    0.2      0.325    0.241    0.225
 0.275    0.216    0.158    0.267    0.292    0.108    0.2      0.5
 0.158    0.367    0.15     0.333    0.175    0.258    0.375    0.141
 0.379216]",2,sb_int-multiplicative_comp-vsmean_gbatt-true_gbalt-true_lk-gaze-dependent_inh-none,0
7701,37,1,52,attraction,A,M,0,target,13110.0,0.78,0.62,0.76,10,15,9,1,0,2,True,False,False,"[1 1 1 1 1 1 0 0 0 0 1 1 1 0 1 0 1 0 0 0 2 0 2 0 2 0 2 2 0 0 0 0 0 0 1 1 0
 0 0 0]","[1 1 0 0 1 1 0 1 1 0 1 1 0 0 0 0 1 1 0 0 1 0 1 0 0 1 1 1 0 0 1 1 0 0 0 1 0
 1 0 0]","[0.15     0.241    0.35     0.266    0.1      0.183    0.258    0.241
 0.158    0.175    0.125    0.133    0.834    0.492    0.267    0.35
 0.283    0.342    0.125    0.817    0.567    0.508    0.258    0.133
 0.25     0.225    0.158    0.408    0.241    0.183    0.191    0.208
 0.166    0.275    0.375    0.108    0.167    0.183    0.283    0.155314]",0,sb_int-multiplicative_comp-vsmean_gbatt-true_gbalt-true_lk-gaze-dependent_inh-none,0
7702,37,1,53,filler,,R,2,,12210.0,0.24,0.37,0.76,41,27,13,0,1,2,False,False,False,[0 0 0 0 0 0 1 1 1 1 0 0 0 0 1 2 2 2 1 1 2 1 1 2 2 2 2 1 2 2 1 1 0 2 0 0 2],[1 1 0 0 1 1 1 1 0 0 0 0 1 1 1 1 1 0 0 1 1 1 1 1 1 0 0 0 0 0 0 1 1 1 0 1 1],"[0.125    0.826    0.141    0.533    0.133    0.358    0.275    0.158
 0.216    0.141    0.208    0.108    0.242    0.2      0.484    0.175
 0.208    0.417    0.342    0.166    0.525    0.191    0.4      0.55
 0.116    0.2      0.233    0.675    0.208    0.116    0.308    0.25
 0.141    0.116    0.475    0.433    0.438398]",2,sb_int-multiplicative_comp-vsmean_gbatt-true_gbalt-true_lk-gaze-dependent_inh-none,0
7703,37,1,54,attraction,B,L,1,target,20100.0,0.75,0.68,0.66,10,14,13,1,0,2,False,True,False,"[1 1 1 1 1 0 0 0 1 1 1 1 1 1 1 1 1 0 0 0 0 1 2 2 2 2 2 2 2 0 0 0 2 2 2 0 0
 2 0 2 2 0 0 2 1 1 1 1 1 0 0 2 0 2 2 1 1 0 0 0 1 1 1 0 0 1 1 1 1]","[0 0 0 1 1 0 1 1 0 0 0 1 1 1 1 0 0 1 0 1 1 1 0 0 1 1 0 1 1 0 0 1 0 1 1 0 0
 1 1 0 0 1 1 1 0 0 1 1 0 1 0 0 0 1 1 0 0 1 1 0 0 1 1 1 1 1 0 0 1]","[0.091 0.25  0.408 0.283 0.183 0.166 0.192 0.141 0.275 0.5   0.625 0.15
 0.267 0.508 0.867 0.208 0.325 0.317 0.367 0.25  0.125 0.3   0.175 0.15
 0.342 0.45  0.709 0.3   0.242 0.2   0.141 0.266 0.342 0.208 0.183 0.308
 0.483 0.183 0.233 0.175 0.15  0.133 0.216 0.183 0.175 0.233 0.15  0.216
 0.475 0.166 0.175 0.191 0.166 0.116 0.241 0.175 0.3   0.1   0.25  0.35
 0.3   0.166 0.108 0.258 0.15  0.158 0.233 0.158 0.208]",1,sb_int-multiplicative_comp-vsmean_gbatt-true_gbalt-true_lk-gaze-dependent_inh-none,0
7704,37,1,55,compromise,A,L,0,target,18170.0,0.78,0.62,0.85,10,15,8,0,1,2,False,False,False,"[0 0 0 0 0 1 1 1 0 0 1 1 1 0 1 2 2 2 2 1 2 0 0 2 2 2 2 2 2 1 1 0 0 1 0 0 0
 0 1 1 0 1 1 0 1 1 0 1 0 0 0 0 1 0 0 0 0 0 0]","[1 1 1 0 0 0 0 1 1 0 1 0 0 0 0 0 0 1 1 1 1 1 1 1 1 0 0 1 1 1 1 1 1 1 1 0 0
 1 1 1 1 1 0 0 1 1 1 1 1 1 0 0 0 1 1 0 0 1 1]","[0.125 0.116 0.091 0.183 0.141 0.091 0.083 0.241 0.417 0.534 1.401 0.208
 0.459 0.3   0.175 0.258 0.108 0.141 0.567 0.275 0.308 0.191 0.083 0.108
 0.125 0.283 0.317 0.15  0.358 0.2   0.166 0.667 0.242 0.325 0.567 0.584
 0.133 0.15  0.534 0.242 0.283 0.508 0.35  0.191 0.35  0.1   0.233 0.291
 0.2   0.392 0.225 0.091 0.208 0.183 0.392 0.191 0.116 0.183 0.108]",0,sb_int-multiplicative_comp-vsmean_gbatt-true_gbalt-true_lk-gaze-dependent_inh-none,0
7705,37,1,56,filler,,L,2,,11220.0,0.32,0.48,0.85,31,20,11,1,2,0,True,False,False,[1 1 2 2 2 2 2 2 2 0 1 1 0 0 2 0 0 2 0 1 1 1 1 1 2 2 2 1 1 1 1 1 2 2],[0 1 1 0 1 1 0 1 1 0 1 1 0 0 1 1 1 0 1 1 1 0 1 1 1 0 1 1 0 1 1 0 1 1],"[0.241    0.258    0.417    0.4      0.625    1.502    0.4      0.133
 0.241    0.317    0.15     0.141    0.367    0.45     0.158    0.208
 0.15     0.267    0.133    0.141    0.367    0.484    0.216    0.125
 0.183    0.342    0.308    0.308    0.2      0.116    0.091    0.133
 0.233    0.282275]",2,sb_int-multiplicative_comp-vsmean_gbatt-true_gbalt-true_lk-gaze-dependent_inh-none,0
7706,37,1,57,attraction,A,L,0,target,16379.999999999998,0.75,0.65,0.73,11,15,10,0,1,2,True,False,True,"[1 0 0 0 0 0 0 0 0 1 1 1 1 1 0 0 1 1 0 1 1 1 2 2 2 0 0 2 2 2 2 0 0 2 1 1 1
 1 1 1 0 1 1 0 1 0 1 1 1 1 1 0 0 0 0]","[1 0 0 1 0 0 0 0 1 0 1 1 0 0 0 0 1 1 1 0 0 0 0 0 1 0 1 1 1 0 0 0 1 1 1 1 0
 0 1 1 1 1 0 0 0 1 0 0 0 1 1 1 1 0 0]","[0.1      0.483    0.216    0.55     0.1      0.4      0.642    0.333
 0.867    0.166    0.091    0.317    0.091    0.258    0.091    0.266
 0.133    0.258    0.283    0.15     0.133    0.175    0.233    0.3
 0.6      0.308    0.216    0.133    0.091    0.175    0.183    0.534
 0.358    0.308    0.141    0.467    0.2      0.192    0.216    0.2
 0.417    0.183    0.208    0.417    0.342    0.216    0.091    0.175
 0.35     0.25     0.241    0.108    0.2      0.225    0.498017]",0,sb_int-multiplicative_comp-vsmean_gbatt-true_gbalt-true_lk-gaze-dependent_inh-none,0
7707,37,1,58,attraction,A,R,1,competitor,12100.0,0.72,0.65,0.7,10,15,9,0,2,1,True,True,True,"[0 0 0 0 0 0 0 0 0 2 1 1 0 0 0 0 0 0 0 2 2 1 2 2 2 0 2 2 0 0 0 1 1 1 1 1 0
 0 1 1 0 1]","[0 0 1 0 0 0 1 0 0 0 0 0 1 1 0 0 1 0 0 0 1 1 1 0 0 0 0 1 1 0 0 0 1 0 0 1 1
 1 1 0 0 0]","[0.267    0.083    0.375    0.192    0.283    0.141    0.392    0.342
 0.133    0.367    0.083    0.183    0.15     0.734    0.217    0.158
 0.258    0.275    0.183    0.208    0.116    0.3      0.258    0.208
 0.175    0.241    0.141    0.217    0.392    0.091    0.241    0.45
 0.342    0.275    0.308    0.258    0.308    0.15     0.141    0.25
 0.291    0.424107]",1,sb_int-multiplicative_comp-vsmean_gbatt-true_gbalt-true_lk-gaze-dependent_inh-none,0
7708,37,1,59,compromise,B,M,0,competitor,9960.0,0.75,0.65,0.55,11,14,18,1,0,2,False,True,False,[0 1 1 1 1 1 1 0 0 1 1 1 0 0 1 1 0 0 1 0 1 0 0 1 1 0 0 0 2 2 2 0 2 2 0],[1 0 0 1 1 0 0 1 0 1 1 1 1 1 1 0 0 1 1 0 0 1 1 1 1 1 1 0 0 1 0 1 1 1 1],"[0.141    0.225    0.158    0.208    0.242    0.091    0.208    0.25
 0.383    0.108    0.2      0.25     0.208    0.133    0.15     0.3
 0.358    0.433    0.191    0.358    0.283    0.258    0.15     0.241
 0.283    0.275    0.559    0.233    0.166    0.417    0.342    0.158
 0.141    0.091    0.052639]",0,sb_int-multiplicative_comp-vsmean_gbatt-true_gbalt-true_lk-gaze-dependent_inh-none,0
7709,37,1,60,attraction,B,R,0,competitor,14130.0,0.78,0.62,0.6,11,15,14,2,0,1,False,True,True,"[1 1 1 1 1 1 2 1 1 1 1 1 1 1 1 1 1 1 1 2 2 2 2 1 2 1 1 1 0 0 0 0 0 1 1 0 0
 0 1 1 0 0 0 0 0 2]","[0 0 0 1 0 0 0 0 0 1 0 0 1 1 0 0 0 1 1 1 0 0 1 0 0 1 1 0 1 1 0 0 1 0 0 1 0
 0 1 1 0 0 1 1 0 1]","[0.108    0.15     0.116    0.375    0.183    0.617    0.183    0.116
 0.6      0.292    0.392    0.45     0.508    0.675    0.316    0.909
 0.425    0.208    0.133    0.166    0.308    0.125    0.342    0.283
 0.275    0.25     0.091    0.308    0.408    0.25     0.2      0.175
 0.392    0.241    0.166    0.175    0.083    0.15     0.141    0.509
 0.175    0.108    0.158    0.158    0.191    0.052797]",0,sb_int-multiplicative_comp-vsmean_gbatt-true_gbalt-true_lk-gaze-dependent_inh-none,0
7710,37,1,61,attraction,A,M,1,competitor,13030.0,0.75,0.65,0.73,10,15,9,2,1,0,True,False,False,"[2 2 2 2 2 2 2 2 2 1 2 1 1 1 1 1 2 2 1 1 2 0 1 0 0 0 1 0 0 0 1 1 0 0 1 1 1
 0 0 1 1]","[1 1 0 1 1 1 0 0 1 1 0 0 0 0 1 1 0 0 1 0 1 1 0 1 0 0 1 0 0 1 0 1 0 1 0 1 1
 0 1 0 1]","[0.158    0.308    0.45     0.1      0.15     0.283    0.558    0.158
 0.467    0.817    0.291    0.258    0.3      0.099    0.283    0.175
 0.217    0.166    0.216    0.175    0.317    0.2      0.35     0.2
 0.559    0.1      0.225    0.125    0.1      0.233    0.3      0.208
 0.534    0.317    0.625    0.15     0.166    0.242    0.216    0.233
 0.516638]",1,sb_int-multiplicative_comp-vsmean_gbatt-true_gbalt-true_lk-gaze-dependent_inh-none,0
7711,37,1,62,attraction,A,R,0,target,15960.0,0.75,0.65,0.73,11,14,10,2,0,1,True,True,True,"[1 1 1 1 1 1 2 2 1 2 2 1 2 2 1 2 2 2 2 2 2 2 2 2 2 1 0 0 2 2 0 2 2 2 0 0 2
 1 1 1 1 0 0 0 0 0 1 1 0 0 0]","[0 0 1 1 0 0 0 1 1 0 0 0 0 0 0 0 0 1 0 0 0 1 0 0 1 1 1 0 0 0 1 1 1 0 0 0 0
 0 1 1 0 0 0 1 1 0 0 1 1 0 0]","[0.275    0.175    0.367    0.233    0.175    0.217    0.242    0.375
 0.342    0.241    0.141    0.225    0.333    0.175    0.25     0.241
 0.508    0.367    0.525    0.292    0.225    0.4      0.325    0.367
 0.25     0.166    0.308    0.55     0.175    0.116    0.325    0.225
 0.108    0.183    0.266    0.826    0.191    0.342    0.158    0.392
 0.208    0.158    0.208    0.208    0.091    0.116    0.317    0.458
 0.3      0.233    0.112009]",0,sb_int-multiplicative_comp-vsmean_gbatt-true_gbalt-true_lk-gaze-dependent_inh-none,0
7712,37,1,63,compromise,A,L,2,decoy,16350.000000000002,0.75,0.68,0.88,10,15,9,2,1,0,False,False,False,"[2 2 2 2 2 2 2 2 2 2 2 2 2 1 2 2 1 1 1 2 1 0 0 0 0 0 0 0 0 1 2 2 0 0 2 2 2
 2 2 0 0 0 1 2 0 1 2 2 2]","[1 1 0 0 1 1 0 0 1 1 0 0 1 1 0 0 0 1 0 0 0 0 1 1 0 0 1 1 0 0 0 1 1 1 1 1 0
 1 0 0 0 1 1 0 0 0 0 1 1]","[0.133    0.417    0.258    0.15     0.308    0.45     0.392    0.275
 0.091    0.35     0.358    0.091    0.191    0.634    0.125    0.091
 0.267    1.109    0.333    0.233    0.45     0.183    0.133    0.533
 0.133    0.241    0.292    0.1      0.367    0.35     0.275    0.208
 0.133    0.467    0.2      0.684    0.267    0.45     0.342    0.2
 0.183    0.242    0.208    0.1      0.141    0.191    0.191    0.191
 0.713252]",2,sb_int-multiplicative_comp-vsmean_gbatt-true_gbalt-true_lk-gaze-dependent_inh-none,0
7713,37,1,64,attraction,B,L,0,competitor,14480.0,0.78,0.62,0.6,10,15,14,0,1,2,False,False,False,"[0 0 0 0 0 0 0 0 0 1 1 1 1 0 1 0 1 1 2 2 1 1 2 2 1 2 2 1 1 1 0 0 1 0 0 0 0
 1 1 1 1 0 0 1 0 0 1 0]","[1 1 0 1 1 0 0 1 1 1 1 0 0 0 1 1 0 0 0 1 1 1 1 0 0 0 1 1 0 1 1 1 1 1 1 0 0
 0 0 1 0 0 1 1 1 1 1 1]","[0.083    0.3      0.125    0.225    0.283    0.292    0.083    0.091
 0.108    0.292    0.592    0.083    0.292    0.158    0.475    0.3
 0.2      0.684    0.166    0.475    0.158    0.083    0.175    0.208
 0.233    0.133    0.267    0.275    0.241    0.434    0.225    0.325
 0.508    0.65     0.55     0.166    0.292    0.208    0.417    0.241
 0.191    0.317    0.258    0.292    0.125    0.2      0.275    0.046977]",0,sb_int-multiplicative_comp-vsmean_gbatt-true_gbalt-true_lk-gaze-dependent_inh-none,0
7714,37,1,65,attraction,B,M,0,competitor,20270.0,0.78,0.62,0.6,10,14,13,1,2,0,True,False,True,"[2 2 2 2 2 2 2 0 0 2 0 0 0 0 0 0 0 1 0 0 2 2 2 0 0 1 1 0 1 1 1 1 0 1 1 1 1
 0 1 1 0 0 0 0 0 2 2 2 2 0 0 2 2 0 0 0 1 1 1 0 0 0 1 1]","[0 0 1 1 1 1 0 0 0 1 0 0 0 0 1 0 0 1 1 1 1 1 0 1 0 1 1 0 1 0 1 1 0 0 1 1 1
 0 1 0 1 0 0 0 1 1 0 1 1 0 0 1 0 1 0 0 1 0 0 1 0 0 1 1]","[0.308    0.292    0.3      0.35     0.525    0.175    0.892    0.258
 0.267    0.267    0.25     0.333    0.258    0.325    0.467    0.342
 0.116    0.25     0.166    0.2      0.55     0.192    0.25     0.434
 0.283    0.575    0.091    0.191    0.158    0.675    0.158    0.642
 0.192    0.35     0.158    0.45     0.141    0.342    0.358    0.233
 0.4      0.191    0.317    0.133    0.267    0.25     0.375    0.208
 0.191    0.175    0.383    0.141    0.283    0.417    0.242    0.225
 0.233    0.191    0.133    0.241    0.2      0.233    0.208    0.232386]",0,sb_int-multiplicative_comp-vsmean_gbatt-true_gbalt-true_lk-gaze-dependent_inh-none,0
7715,37,1,66,attraction,A,L,1,competitor,15090.0,0.72,0.65,0.7,10,15,9,1,0,2,False,True,True,"[0 1 1 1 1 1 1 1 1 1 1 0 0 2 0 0 1 0 0 0 1 0 0 0 1 0 0 0 0 1 1 1 0 0 1 1 2
 2 2 0 0 2 2 0 0 0 0 1 1 1 1 1]","[1 0 1 1 0 1 1 0 0 1 1 1 1 0 1 0 0 1 1 0 0 0 1 1 1 0 0 1 1 0 1 1 1 1 0 0 0
 1 0 1 0 1 0 1 1 1 0 1 0 0 1 1]","[0.083 0.258 0.216 0.175 0.509 0.267 0.266 0.3   0.166 0.192 0.108 0.217
 0.191 0.166 0.191 0.3   0.3   0.408 0.15  0.325 0.4   0.233 0.317 0.116
 0.308 0.367 0.291 0.308 0.2   0.383 0.108 0.258 0.25  0.133 0.308 0.283
 0.208 0.408 0.433 0.25  0.267 0.367 0.208 0.15  0.175 0.2   0.342 0.158
 0.1   0.634 0.292 0.091]",1,sb_int-multiplicative_comp-vsmean_gbatt-true_gbalt-true_lk-gaze-dependent_inh-none,0
7716,37,1,67,filler,,R,2,,19930.0,0.28,0.67,0.78,35,14,12,1,0,2,True,True,True,"[1 1 1 1 1 1 1 0 1 1 0 0 1 1 0 2 0 1 1 1 1 2 2 2 2 1 1 1 1 1 1 2 2 2 2 2 2
 1 1 2 1 1 2 2 1 1 2 2 2 0 2 2 0 0 0 1 1 0 0 2 2 2]","[0 0 0 0 0 1 0 0 0 1 1 0 0 0 0 0 0 0 0 1 1 1 1 0 0 0 0 1 1 0 0 0 1 1 0 1 1
 1 1 1 1 1 1 0 0 0 0 0 1 0 0 0 1 0 0 0 0 0 1 1 0 0]","[0.208    0.358    0.233    0.158    0.258    0.4      0.225    0.183
 0.216    0.767    0.508    0.116    0.258    0.183    0.417    0.266
 0.166    0.559    0.133    0.141    0.901    0.133    0.333    0.216
 0.275    0.166    0.15     0.125    0.283    0.208    0.325    0.308
 0.383    0.125    0.417    0.15     0.241    0.25     0.342    0.592
 0.75     0.208    0.125    0.2      0.141    0.367    0.3      0.425
 0.4      0.183    0.383    0.35     0.575    0.192    0.308    0.083
 0.158    0.141    0.45     0.133    0.308    0.059892]",2,sb_int-multiplicative_comp-vsmean_gbatt-true_gbalt-true_lk-gaze-dependent_inh-none,0
7717,37,1,68,attraction,B,R,1,target,20470.0,0.72,0.68,0.66,11,14,13,0,2,1,False,False,True,"[0 0 0 0 2 0 0 2 2 2 0 0 2 0 2 2 2 2 1 1 1 1 2 2 1 1 1 0 2 2 1 1 1 2 2 1 1
 1 1 1 1 2 1 1 1 1 2 2 2 2 0 0 0 0 0 0 1 1 1 1 0 1 1]","[1 1 0 1 0 1 1 0 0 1 0 1 0 1 0 0 1 1 0 1 1 1 1 0 1 1 1 0 1 1 1 1 0 0 0 1 1
 0 0 1 1 0 0 0 1 1 0 0 1 1 1 0 1 0 1 1 1 0 1 1 0 1 1]","[0.158    0.291    0.367    0.275    0.467    0.125    0.108    0.15
 0.5      0.325    0.241    0.241    0.634    0.467    0.183    0.834
 0.191    0.225    0.091    0.25     0.291    0.133    0.358    0.283
 0.158    0.141    0.133    0.25     0.183    0.216    0.225    0.116
 0.275    0.116    0.292    0.183    0.216    0.091    0.275    0.225
 0.317    0.275    0.191    0.959    0.158    0.675    0.175    0.241
 0.216    0.133    1.376    0.191    0.233    0.492    0.15     0.141
 0.225    0.525    0.175    0.333    0.283    0.191    0.276789]",1,sb_int-multiplicative_comp-vsmean_gbatt-true_gbalt-true_lk-gaze-dependent_inh-none,0
7718,37,1,69,attraction,A,M,1,competitor,13230.0,0.72,0.68,0.7,10,14,9,0,1,2,True,True,True,"[0 0 0 0 0 0 0 0 0 0 0 0 0 0 1 1 0 1 1 1 0 1 1 1 1 2 2 2 1 2 1 2 2 1 1 1 1
 2 1 1 1 0 0 0 1 1 1 0 1 1]","[0 0 1 1 0 0 0 1 1 0 0 0 1 1 1 1 1 1 0 0 0 0 1 0 0 1 0 0 0 1 1 1 0 0 0 0 1
 1 1 0 0 0 1 1 1 1 0 0 0 1]","[0.275    0.225    0.1      0.183    0.1      0.133    0.275    0.191
 0.191    0.233    0.592    0.083    0.091    0.625    0.183    0.317
 0.25     0.133    0.083    0.225    0.225    0.15     0.425    0.083
 0.175    0.317    0.283    0.108    0.191    0.208    0.233    0.183
 0.2      0.333    0.233    0.408    0.65     0.216    0.158    0.283
 0.283    0.283    0.216    0.108    0.091    0.1      0.158    0.216
 0.208    0.129649]",1,sb_int-multiplicative_comp-vsmean_gbatt-true_gbalt-true_lk-gaze-dependent_inh-none,0
7719,37,1,70,attraction,B,R,0,competitor,16960.0,0.78,0.65,0.63,10,15,14,2,0,1,True,True,True,"[1 1 1 1 1 1 1 1 1 1 1 1 1 1 1 1 2 2 1 1 2 2 0 0 0 0 0 0 0 0 1 1 1 1 1 1 1
 0 1 1 1 0 0 0 1 1 0 0 0 0]","[0 0 1 1 0 0 0 1 0 0 0 1 0 0 1 0 0 1 1 0 0 0 0 0 0 1 1 0 0 0 0 0 1 1 0 0 1
 1 1 1 0 0 0 1 0 1 1 0 0 1]","[0.2      0.433    0.3      0.175    0.242    0.158    0.091    0.926
 0.4      0.433    0.358    0.826    0.383    0.225    0.417    0.367
 0.267    0.325    0.383    0.2      0.183    0.25     0.233    0.292
 0.233    0.125    0.517    0.15     0.267    0.158    0.166    0.1
 0.108    0.383    0.233    0.133    0.233    0.634    0.2      0.392
 0.35     0.175    0.433    0.091    0.266    0.208    0.4      0.333
 0.617    0.274388]",0,sb_int-multiplicative_comp-vsmean_gbatt-true_gbalt-true_lk-gaze-dependent_inh-none,0
7720,37,1,71,attraction,A,R,0,target,22790.0,0.78,0.62,0.76,11,14,10,2,1,0,False,False,True,"[2 2 2 2 2 2 2 2 2 2 1 1 1 1 2 1 1 1 2 1 2 2 1 2 2 1 1 2 2 1 0 0 0 2 2 0 0
 2 0 2 2 0 0 0 0 0 0 1 1 1 1 0 0 1 1 0 0 1 1 0 0 1 0 0 0]","[0 0 1 1 0 0 1 0 0 1 0 0 1 1 0 1 0 0 1 1 0 0 0 1 1 0 1 0 0 1 1 1 0 0 0 1 1
 1 1 0 0 0 1 1 1 0 0 1 1 0 0 0 0 0 0 1 1 1 1 0 0 0 1 1 1]","[0.108    1.059    0.116    0.333    0.383    0.216    0.876    0.25
 0.241    0.408    0.25     0.108    0.083    0.308    0.275    0.725
 0.091    0.242    0.2      0.208    0.342    0.233    0.233    0.1
 0.125    0.258    0.442    0.091    0.15     0.183    0.25     0.675
 0.433    0.216    0.267    0.233    0.125    0.584    0.216    0.116
 0.25     0.433    0.175    1.018    0.183    0.15     0.342    0.826
 1.343    0.2      0.15     0.208    0.742    0.433    0.175    0.141
 0.241    0.133    0.333    0.158    0.375    0.191    0.325    0.175
 0.181052]",0,sb_int-multiplicative_comp-vsmean_gbatt-true_gbalt-true_lk-gaze-dependent_inh-none,0
7721,37,1,72,compromise,B,M,2,decoy,22570.0,0.72,0.62,0.55,11,14,19,2,0,1,False,False,False,"[1 1 1 1 1 1 2 1 1 2 2 2 1 1 2 1 1 2 1 1 2 1 2 2 1 2 0 0 2 2 0 2 1 0 0 1 1
 2 1 1 0 0 0 0 0 0 0 0 2 2 0 0 2 2 2 2 2 2 0 0 0 0 0 2 0 0 2 0 2 0 2 2 2 2]","[1 1 1 0 1 1 1 1 0 0 0 1 1 1 0 1 1 1 1 1 1 0 0 0 0 0 0 0 0 1 1 1 1 1 0 0 0
 0 0 1 1 1 0 0 1 1 0 0 0 1 1 1 1 0 0 1 0 0 0 0 1 1 0 0 1 1 1 1 1 1 1 1 1 1]","[0.15     0.45     0.567    0.333    0.192    0.15     0.266    0.125
 0.266    0.175    0.3      0.375    0.166    0.367    0.367    0.15
 0.191    0.292    0.141    0.759    0.283    0.266    0.158    0.167
 0.2      0.25     0.175    0.125    0.15     0.125    0.567    0.158
 0.358    0.191    0.25     0.442    0.166    0.241    0.192    0.25
 0.133    0.2      0.1      0.442    0.308    0.534    0.191    0.216
 0.417    0.492    0.091    0.292    0.333    0.208    0.166    0.817
 0.183    0.475    0.2      0.233    0.108    0.292    0.108    0.3
 0.15     0.158    0.5      0.225    0.283    0.233    0.242    0.141
 0.383    0.278215]",0,sb_int-multiplicative_comp-vsmean_gbatt-true_gbalt-true_lk-gaze-dependent_inh-none,0
7722,37,1,73,compromise,B,R,1,target,27120.0,0.75,0.62,0.58,10,15,18,0,2,1,True,False,True,"[0 0 0 0 0 0 0 2 2 0 2 2 2 0 2 1 1 1 1 1 2 2 1 1 1 1 0 0 0 1 1 0 0 0 1 0 0
 0 1 1 1 1 2 2 2 1 1 2 1 2 1 1 1 2 2 2 0 0 0 0 2 1 1 2 2 2 2 1 1 2 2 2 1 1
 2 1 1 1 1]","[0 0 1 1 0 0 1 1 0 1 1 0 1 0 0 0 1 1 1 1 1 1 0 1 1 0 0 0 1 0 1 0 1 1 0 1 0
 0 1 1 1 0 1 0 1 1 1 0 0 0 0 1 1 0 0 1 0 0 1 1 0 1 1 0 0 1 1 1 1 1 1 0 1 1
 0 0 1 1 1]","[0.208    0.483    0.2      0.133    0.35     0.133    0.392    0.183
 0.492    0.258    0.141    0.217    0.241    0.283    1.151    0.208
 0.325    0.25     0.492    0.375    0.225    0.141    0.216    0.216
 0.175    0.325    0.083    0.292    0.358    0.2      0.233    0.525
 0.091    0.216    0.567    0.242    0.083    0.225    0.266    0.166
 0.175    0.675    0.175    0.558    0.408    0.158    0.191    0.784
 0.459    0.751    0.634    0.208    1.184    0.2      0.216    0.458
 0.183    0.191    0.216    0.35     0.083    0.1      0.125    0.225
 0.158    0.217    0.133    0.275    0.267    0.484    0.801    0.208
 0.191    0.292    0.4      0.3      0.133    0.175    0.108914]",1,sb_int-multiplicative_comp-vsmean_gbatt-true_gbalt-true_lk-gaze-dependent_inh-none,0
7723,37,1,74,filler,,R,0,,14140.0,0.19,0.56,0.8,52,17,12,2,0,1,False,True,True,"[2 1 1 1 1 1 2 1 2 2 2 2 1 2 2 1 0 0 0 0 2 0 0 0 0 0 0 0 2 0 0 0 0 0 2 2 2
 0 0 2 0 0]","[0 0 0 0 1 0 0 0 1 1 0 0 1 0 1 0 1 1 0 0 0 1 1 1 0 1 1 1 0 1 0 0 1 1 0 1 1
 1 1 0 1 1]","[0.1   0.225 0.175 0.15  0.358 0.509 0.141 0.133 0.225 0.233 0.208 0.183
 0.4   0.208 0.208 0.375 0.2   0.392 0.216 0.308 0.133 0.267 0.542 0.216
 0.542 0.091 0.592 0.158 0.317 0.517 0.108 0.892 0.258 0.475 0.233 0.292
 0.141 0.2   0.325 0.367 0.1   0.267]",0,sb_int-multiplicative_comp-vsmean_gbatt-true_gbalt-true_lk-gaze-dependent_inh-none,0
7724,37,1,75,compromise,B,L,1,target,12810.0,0.72,0.65,0.55,10,15,19,1,0,2,True,True,False,"[1 1 1 1 1 1 1 1 1 0 0 0 1 1 0 0 0 0 1 1 0 0 1 0 2 2 2 1 1 1 1 2 2 1 2 2 1
 1 1 1 2 1]","[0 0 1 1 0 0 0 1 0 0 1 0 1 0 0 0 1 1 1 1 1 1 0 0 1 0 0 1 1 0 1 1 0 0 0 1 1
 1 0 0 0 0]","[0.125    0.467    0.175    0.158    0.158    0.141    0.175    0.433
 0.116    0.241    0.358    0.25     0.5      0.258    0.208    0.166
 0.225    0.158    0.475    0.108    0.091    0.141    0.175    0.241
 0.525    0.275    0.308    0.158    0.141    0.258    0.258    0.292
 0.258    0.216    0.517    0.934    0.141    0.158    0.292    0.15
 0.283    0.319489]",1,sb_int-multiplicative_comp-vsmean_gbatt-true_gbalt-true_lk-gaze-dependent_inh-none,0
7725,37,2,76,compromise,B,R,1,target,15220.0,0.72,0.68,0.55,10,14,20,0,2,1,True,True,True,"[2 0 0 0 0 0 0 0 0 0 0 0 0 0 0 2 2 2 0 0 0 2 2 2 0 2 0 0 2 2 1 1 2 2 1 1 1
 1 1 2 0 1 1 1 1]","[0 0 0 1 0 0 1 1 0 0 0 0 0 1 0 0 0 1 1 1 0 0 0 1 1 1 1 0 0 0 0 0 0 1 1 0 0
 1 1 1 1 1 0 0 0]","[0.125    0.3      0.166    0.45     0.083    0.408    0.467    0.525
 0.6      0.191    0.508    0.283    0.283    0.417    0.367    0.116
 0.108    0.717    0.158    0.116    0.2      0.183    0.166    0.675
 0.175    0.317    0.367    0.208    0.191    0.4      0.375    0.3
 0.175    0.225    0.4      0.175    0.684    0.217    0.191    0.141
 0.367    0.517    0.233    0.175    0.090868]",1,sb_int-multiplicative_comp-vsmean_gbatt-true_gbalt-true_lk-gaze-dependent_inh-none,0
7726,37,2,77,compromise,B,R,2,decoy,13820.0,0.72,0.62,0.55,11,14,20,1,0,2,True,False,True,"[0 1 1 1 0 0 1 1 1 1 0 0 1 1 1 1 1 1 0 0 0 1 0 1 2 2 2 2 0 0 2 0 0 0 0 0 0
 2 2 2 0 0 2 2 2 2]","[0 1 1 0 0 0 1 1 0 1 1 1 1 0 1 1 0 0 0 0 1 1 0 0 0 0 1 0 1 0 1 0 0 0 1 1 0
 1 0 0 1 1 0 1 0 0]","[0.1      0.292    0.233    0.133    0.191    0.191    0.183    0.225
 0.325    0.392    0.267    0.575    0.283    0.859    0.3      0.267
 0.2      0.116    0.083    0.216    0.275    0.325    0.133    0.175
 0.191    0.125    0.3      0.4      0.25     0.458    0.5      0.292
 0.567    0.175    0.175    0.091    0.342    0.45     0.183    0.1
 0.133    0.191    0.183    0.175    0.1      0.224972]",2,sb_int-multiplicative_comp-vsmean_gbatt-true_gbalt-true_lk-gaze-dependent_inh-none,0
7727,37,2,78,compromise,B,R,2,decoy,9450.0,0.72,0.68,0.58,10,15,20,1,0,2,False,True,False,[1 1 1 1 1 0 0 0 1 1 1 1 0 0 1 0 1 2 2 2 2 2 1 1 2 2 1 2 2],[0 0 1 1 0 1 0 1 1 1 0 0 1 0 0 1 1 0 1 0 1 1 0 0 1 0 1 0 1],"[0.116    0.342    0.358    0.642    0.333    0.158    0.308    0.375
 0.183    0.141    0.208    0.133    0.316    0.383    0.233    0.358
 0.266    0.183    0.35     0.342    0.141    0.283    0.125    0.425
 0.158    0.208    0.35     0.241    0.253044]",2,sb_int-multiplicative_comp-vsmean_gbatt-true_gbalt-true_lk-gaze-dependent_inh-none,0
7728,37,2,79,attraction,B,M,1,target,10560.0,0.75,0.62,0.6,10,15,14,2,1,0,False,False,False,[2 2 2 2 2 2 1 2 1 1 1 1 1 0 0 1 1 1 0 0 0 0 1 0 0 0 1 1 1 0 0 0 1],[1 1 0 0 1 1 1 0 0 0 1 0 1 1 0 0 0 1 1 0 0 1 1 1 1 0 0 1 1 1 0 0 0],"[0.141    0.216    0.108    0.534    0.275    0.216    0.709    0.141
 0.216    0.158    0.475    0.617    0.291    0.333    0.141    0.166
 0.083    0.216    0.717    0.241    0.217    0.292    0.342    0.216
 0.225    0.208    0.308    0.342    0.408    0.459    0.1      0.292
 0.064385]",0,sb_int-multiplicative_comp-vsmean_gbatt-true_gbalt-true_lk-gaze-dependent_inh-none,0
7729,37,2,80,attraction,B,R,1,target,12680.0,0.75,0.68,0.66,10,14,13,1,2,0,True,True,True,"[0 2 2 2 2 2 2 0 0 0 2 0 0 2 2 2 0 0 1 1 1 1 0 0 1 1 1 0 2 2 2 1 1 2 2 1 1
 0 0 1 0 0 0 1 1 1]","[0 0 0 1 0 0 0 0 1 1 1 0 0 0 1 1 1 1 0 0 1 1 1 1 1 0 0 0 0 1 1 1 1 1 1 0 0
 0 1 1 1 0 0 0 0 0]","[0.108    0.325    0.266    0.342    0.225    0.208    0.342    0.15
 0.108    0.283    0.4      0.158    0.225    0.55     0.175    0.292
 0.125    0.266    0.308    0.175    0.133    0.342    0.133    0.375
 0.192    0.208    0.116    0.275    0.333    0.116    0.175    0.091
 0.4      0.166    0.35     0.233    0.175    0.367    0.417    0.317
 0.108    0.208    0.216    0.208    0.267    0.166585]",1,sb_int-multiplicative_comp-vsmean_gbatt-true_gbalt-true_lk-gaze-dependent_inh-none,0
7730,37,2,81,compromise,B,R,0,competitor,9560.0,0.78,0.62,0.55,11,14,20,2,1,0,False,False,False,[2 2 2 2 2 1 1 1 1 1 2 1 1 1 2 1 0 0 0 0 0 0 0 1 1 0 0 1 0 1 1],[1 1 1 0 1 1 0 0 1 1 1 1 0 0 0 0 1 1 0 0 1 1 0 1 1 0 1 1 0 0 1],"[0.333    0.35     0.2      0.375    0.225    0.342    0.191    0.3
 0.266    0.108    0.717    0.191    0.233    0.083    0.216    0.2
 0.308    0.242    0.225    0.183    0.333    0.534    0.191    0.241
 0.141    0.275    0.241    0.191    0.192    0.25     0.211189]",0,sb_int-multiplicative_comp-vsmean_gbatt-true_gbalt-true_lk-gaze-dependent_inh-none,0
7731,37,2,82,attraction,A,L,1,competitor,17420.0,0.72,0.65,0.7,11,15,10,1,0,2,False,False,True,"[1 1 1 1 1 1 1 1 0 0 0 0 1 1 0 0 1 1 0 0 0 0 2 2 2 2 2 2 0 2 2 2 2 0 2 0 0
 2 2 2 2 2 2 0 0 0 1 1 1 1 0 0 1 0 0 1 1 0 1 1 1]","[1 1 0 0 1 0 0 1 1 1 0 0 0 0 0 1 1 1 1 1 0 0 0 0 1 1 0 0 0 0 1 1 0 1 0 0 0
 0 0 0 1 1 0 1 0 1 1 0 0 1 1 0 0 0 0 1 1 1 1 0 0]","[0.083 0.342 0.2   0.183 0.4   0.267 0.242 0.25  0.116 0.116 0.25  0.241
 0.183 0.083 0.158 0.242 0.25  0.208 0.125 0.684 0.25  0.158 0.241 0.275
 0.308 0.233 0.166 0.342 0.375 0.267 0.567 0.266 0.158 0.425 0.266 0.1
 0.417 0.258 0.342 0.367 0.225 0.175 0.5   0.216 0.358 0.375 0.383 0.108
 0.4   0.233 0.467 0.158 0.283 0.091 0.133 0.15  0.225 0.2   0.316 0.091
 0.141]",1,sb_int-multiplicative_comp-vsmean_gbatt-true_gbalt-true_lk-gaze-dependent_inh-none,0
7732,37,2,83,attraction,A,M,1,competitor,14630.0,0.72,0.65,0.7,10,15,9,2,1,0,False,True,False,"[1 2 2 2 2 2 2 2 1 1 1 2 1 1 2 2 2 1 1 1 2 1 0 0 0 0 0 1 1 0 1 0 1 0 0 0 1
 0 0 0 1 1 1 1 0 1 1 0 0 0 1 1]","[0 1 0 0 1 1 0 0 0 0 1 1 0 0 0 1 1 1 1 0 1 1 0 1 0 0 1 0 1 1 0 0 1 1 1 0 0
 1 1 0 1 1 0 0 1 1 1 1 1 0 0 0]","[0.15     0.333    0.25     0.417    0.083    0.367    0.175    0.45
 0.233    0.083    0.367    0.158    0.217    0.133    0.342    0.15
 0.175    0.266    0.141    0.509    0.2      0.233    0.183    0.392
 0.292    0.116    0.166    0.2      0.258    0.25     0.342    0.325
 0.141    0.1      0.158    0.283    0.258    0.216    0.317    0.4
 0.183    0.542    0.275    0.308    0.15     0.108    0.233    0.133
 0.267    0.216    0.358    0.189673]",1,sb_int-multiplicative_comp-vsmean_gbatt-true_gbalt-true_lk-gaze-dependent_inh-none,0
7733,37,2,84,compromise,A,M,2,decoy,21840.0,0.75,0.62,0.88,10,15,8,2,0,1,False,True,True,"[1 1 1 1 1 1 1 1 2 2 2 2 2 1 1 2 1 1 2 0 2 2 2 1 1 1 1 1 0 0 0 0 0 0 0 2 2
 2 0 2 0 2 0 2 2 2 2 1 1 1 1 1 2 2 1 1 2 2 1 1 2 1 1 2 2 2 2]","[0 0 1 0 0 1 0 0 1 0 0 1 1 0 0 0 1 1 0 0 1 1 0 0 1 1 0 0 0 0 1 0 1 1 0 0 1
 0 1 1 1 0 0 0 1 1 0 0 0 1 1 0 1 1 1 1 0 0 1 0 1 0 0 1 1 0 0]","[0.183    0.358    0.4      0.266    0.217    0.417    0.166    0.5
 0.333    0.35     0.15     0.292    0.175    0.175    0.266    0.191
 0.175    0.15     0.283    0.283    0.417    0.684    0.15     0.208
 0.125    0.784    0.133    0.492    0.133    0.116    0.425    0.475
 0.158    0.275    0.208    0.258    0.175    0.191    0.233    0.375
 0.25     0.242    0.358    0.275    0.166    0.125    0.2      0.166
 0.659    0.1      0.367    0.951    0.233    0.166    0.166    0.325
 0.141    0.417    0.525    0.283    0.434    0.417    0.216    0.233
 0.1      0.083    0.172719]",2,sb_int-multiplicative_comp-vsmean_gbatt-true_gbalt-true_lk-gaze-dependent_inh-none,0
7734,37,2,85,compromise,B,L,1,target,11760.0,0.72,0.68,0.52,11,15,20,2,0,1,False,False,False,"[1 1 1 1 1 1 1 1 1 1 2 2 1 1 2 2 1 2 2 1 1 0 0 0 0 0 1 1 1 0 1 1 2 2 0 0 2
 1]","[1 1 1 0 0 1 0 0 1 1 1 1 1 0 0 1 1 1 0 0 1 1 0 0 1 0 0 0 1 1 1 0 1 0 0 1 1
 1]","[0.1     0.141   0.175   0.1     0.375   0.492   0.158   0.4     0.15
 0.45    0.166   0.993   0.325   0.333   0.25    0.141   0.333   0.467
 0.25    0.308   0.233   0.367   0.208   0.158   0.375   0.258   0.15
 0.141   0.217   0.25    0.208   0.417   0.141   0.116   0.2     0.233
 0.35    0.05581]",1,sb_int-multiplicative_comp-vsmean_gbatt-true_gbalt-true_lk-gaze-dependent_inh-none,0
7735,37,2,86,attraction,A,M,0,target,10240.0,0.75,0.65,0.73,11,14,10,1,0,2,True,True,False,"[1 1 1 1 1 1 0 0 1 1 1 0 0 0 0 1 2 2 2 2 2 0 0 2 2 2 2 0 0 0 0 0 1 1 1 0 0
 0 0 0]","[0 0 1 0 0 0 0 0 0 0 1 1 1 0 0 0 0 1 0 1 1 0 1 1 0 0 1 1 0 0 0 1 1 0 0 0 0
 1 1 0]","[0.342    0.083    0.291    0.15     0.275    0.208    0.25     0.3
 0.267    0.233    0.217    0.191    0.108    0.141    0.266    0.216
 0.191    0.292    0.292    0.1      0.225    0.208    0.35     0.325
 0.183    0.25     0.225    0.216    0.091    0.208    0.517    0.2
 0.4      0.166    0.166    0.3      0.1      0.1      0.083    0.089516]",0,sb_int-multiplicative_comp-vsmean_gbatt-true_gbalt-true_lk-gaze-dependent_inh-none,0
7736,37,2,87,compromise,B,L,1,target,16040.0,0.72,0.65,0.52,11,15,19,2,0,1,False,True,True,"[1 1 1 1 1 1 1 2 2 1 1 2 2 2 2 1 2 2 1 2 0 2 2 1 1 1 0 2 0 1 1 0 0 0 0 1 1
 0 0 1 1 0 1 1 0 0 0 0 1 1 1 1 1]","[1 0 0 0 0 1 1 0 0 1 0 1 1 0 0 1 0 1 0 1 1 0 0 1 1 0 1 0 1 1 1 0 0 1 1 0 1
 0 0 1 1 1 0 1 0 0 1 1 0 0 1 0 0]","[0.25     0.083    0.216    0.342    0.266    0.392    0.283    0.133
 0.35     0.158    0.308    0.183    0.175    0.35     0.1      0.609
 0.2      0.208    0.342    0.317    0.275    0.083    0.225    0.35
 0.175    0.25     0.242    0.158    0.3      0.1      0.283    0.083
 0.308    0.275    0.133    0.358    0.35     0.108    0.333    0.175
 0.208    0.242    0.425    0.175    0.141    0.584    0.133    0.225
 0.291    0.208    0.542    0.175    0.264014]",1,sb_int-multiplicative_comp-vsmean_gbatt-true_gbalt-true_lk-gaze-dependent_inh-none,0
7737,37,2,88,attraction,A,L,0,target,7640.0,0.72,0.62,0.7,11,15,10,0,2,1,False,False,False,[0 0 0 0 0 2 0 0 0 2 2 0 2 2 2 2 2 1 1 1 0 1 1 0 0],[1 0 0 1 1 1 1 1 0 0 1 1 1 1 0 0 1 1 0 1 1 1 0 0 1],"[0.283 0.7   0.133 0.166 0.083 0.317 0.108 0.083 0.333 0.266 0.183 0.2
 0.175 0.183 0.367 0.25  0.267 0.358 0.425 0.292 0.459 0.141 0.233 0.442
 0.292]",2,sb_int-multiplicative_comp-vsmean_gbatt-true_gbalt-true_lk-gaze-dependent_inh-none,0
7738,37,2,89,attraction,A,R,0,target,14360.0,0.75,0.65,0.73,11,15,10,2,1,0,True,False,False,"[2 2 2 2 2 1 1 2 1 1 2 1 2 2 2 1 1 1 0 0 1 1 0 1 1 0 0 1 0 0 1 0 0 0 1 1 1
 1 1 1 0 0]","[1 1 1 0 1 1 1 0 0 0 1 1 0 1 1 0 0 1 0 1 0 0 0 1 1 0 1 0 1 1 0 0 1 1 0 1 0
 1 0 1 0 0]","[0.133    0.408    0.25     0.35     0.35     0.15     0.4      0.283
 0.233    0.2      0.275    0.433    0.675    0.191    0.225    0.158
 0.2      0.542    0.425    0.25     0.125    0.175    0.241    0.166
 0.15     0.216    0.25     0.392    0.483    0.292    0.166    0.684
 0.483    0.275    0.408    0.333    0.175    0.534    0.225    0.559
 0.158    0.389437]",0,sb_int-multiplicative_comp-vsmean_gbatt-true_gbalt-true_lk-gaze-dependent_inh-none,0
7739,37,2,90,filler,,L,2,,7460.0,0.27,0.47,0.86,37,21,11,1,2,0,True,True,False,[2 2 2 2 2 0 0 0 0 0 0 0 1 1 1 1 1 1 0 0 0 2 2 2 1 2 2 2],[1 1 0 1 1 0 1 0 0 1 0 0 0 0 1 1 0 0 0 1 1 0 1 1 0 0 0 1],"[0.091    0.317    0.333    0.241    0.283    0.108    0.233    0.216
 0.408    0.45     0.208    0.375    0.25     0.4      0.275    0.083
 0.158    0.425    0.217    0.116    0.333    0.15     0.208    0.15
 0.158    0.166    0.191    0.121449]",2,sb_int-multiplicative_comp-vsmean_gbatt-true_gbalt-true_lk-gaze-dependent_inh-none,0
7740,37,2,91,filler,,M,2,,11170.0,0.32,0.48,0.85,31,20,11,0,2,1,False,False,True,[0 0 0 0 0 0 2 2 2 2 1 0 1 1 1 1 1 2 0 0 1 1 1 2 2 1 1 2 0 2 2 2 2 2],[1 0 0 1 1 0 1 0 0 1 0 0 1 1 0 0 1 0 0 1 1 1 0 0 0 1 1 1 0 0 0 1 1 0],"[0.308    0.091    0.242    0.283    0.15     0.3      0.175    0.333
 0.108    0.467    0.133    0.158    0.233    0.158    0.308    0.091
 0.367    0.242    0.267    0.358    0.333    0.742    0.5      0.2
 0.216    0.225    0.717    0.225    0.233    0.158    0.458    0.258
 0.166    0.324206]",2,sb_int-multiplicative_comp-vsmean_gbatt-true_gbalt-true_lk-gaze-dependent_inh-none,0
7741,37,2,92,attraction,B,M,1,target,13350.0,0.75,0.65,0.63,10,14,13,2,1,0,False,True,False,"[2 2 2 2 1 2 2 2 2 2 2 2 2 2 1 1 1 1 2 2 1 1 1 2 1 1 1 0 0 0 0 1 0 1 1 0 1
 1 1 0]","[1 0 0 1 0 0 0 0 0 0 1 1 0 1 0 0 1 0 0 0 0 1 0 1 0 0 0 0 0 0 1 1 0 0 0 0 0
 0 1 1]","[0.191    0.191    0.2      0.342    0.308    0.133    0.642    0.375
 0.417    0.575    0.166    0.55     0.7      0.325    0.283    0.133
 0.35     0.316    0.175    0.141    0.2      0.333    0.141    0.266
 0.275    0.266    0.141    0.141    0.317    0.166    0.6      0.408
 0.241    0.166    0.25     0.216    0.317    0.091    0.442    0.268688]",1,sb_int-multiplicative_comp-vsmean_gbatt-true_gbalt-true_lk-gaze-dependent_inh-none,0
7742,37,2,93,attraction,A,R,0,target,20370.0,0.78,0.62,0.76,10,15,9,2,0,1,True,False,True,"[1 1 1 1 1 1 1 1 1 2 1 1 1 1 2 1 2 2 2 2 1 1 2 2 2 2 2 0 0 0 0 0 0 0 0 2 2
 2 0 0 0 2 2 2 1 1 1 1 0 0 0 0 1 1 0 1 1 1 0 0 0 0]","[1 0 1 1 1 0 0 0 1 0 1 0 1 1 1 0 1 1 0 0 1 1 0 1 1 0 0 0 1 1 0 0 1 1 0 0 0
 1 0 1 1 1 1 0 1 1 0 0 1 0 0 1 1 1 0 0 0 0 0 0 1 0]","[0.375 0.383 0.225 0.141 0.333 0.241 0.367 0.15  0.267 0.216 0.25  0.717
 0.083 0.175 0.617 0.333 0.459 0.851 0.133 0.417 0.2   0.141 0.15  0.091
 0.342 0.258 0.967 0.266 0.175 0.283 0.3   0.408 0.166 0.367 0.225 0.116
 0.291 0.225 0.425 0.175 0.367 0.358 0.133 0.266 0.25  0.083 0.216 0.367
 0.116 0.183 0.292 0.158 0.283 0.233 0.375 0.141 0.333 0.342 0.133 0.367
 0.367 0.2  ]",1,sb_int-multiplicative_comp-vsmean_gbatt-true_gbalt-true_lk-gaze-dependent_inh-none,0
7743,37,2,94,attraction,B,M,0,competitor,24160.0,0.78,0.65,0.63,11,15,14,1,2,0,False,True,True,"[0 2 2 2 2 2 2 2 2 2 2 2 2 2 2 2 0 0 0 0 2 2 2 0 1 1 1 1 1 1 0 1 0 0 2 1 1
 1 2 1 1 1 2 2 2 2 2 2 1 1 1 1 1 1 0 0 1 1 1 1 0 0 1 1 0 0 1 1 1 0 0 0 0]","[1 0 0 1 1 0 0 0 1 0 0 1 0 0 1 1 1 1 0 1 0 1 1 0 1 0 0 1 1 0 1 1 0 1 0 1 0
 0 1 0 1 1 0 0 1 0 0 1 1 1 0 0 1 1 1 1 0 1 0 0 1 0 0 0 0 1 1 1 0 1 0 1 1]","[0.225    0.45     0.133    0.25     0.216    0.15     0.467    0.625
 0.166    0.1      0.35     0.475    0.333    0.241    0.267    0.233
 0.108    0.141    0.517    0.292    0.35     0.15     0.158    0.525
 0.191    0.241    0.083    0.325    0.233    0.175    0.308    0.291
 0.175    0.383    0.291    0.2      0.083    0.191    0.342    0.241
 0.275    0.116    0.233    0.408    1.134    0.4      0.567    0.317
 0.283    0.108    0.091    0.267    0.233    0.258    0.108    0.166
 0.308    0.467    0.191    0.091    0.175    0.467    0.216    0.108
 0.5      0.25     0.233    0.425    0.225    0.692    0.333    0.083
 0.066743]",1,sb_int-multiplicative_comp-vsmean_gbatt-true_gbalt-true_lk-gaze-dependent_inh-none,0
7744,37,2,95,attraction,B,M,1,target,19190.0,0.72,0.68,0.66,11,14,13,2,1,0,False,True,False,"[2 2 2 2 2 1 2 2 2 2 1 1 1 1 2 2 1 1 0 0 0 0 1 0 0 1 1 0 0 0 0 1 1 1 0 0 0
 0 1 1 1 0 0 0 0 1 0 0 0 0 0 0 1 1 1 1]","[1 1 1 0 0 0 1 0 0 1 0 1 0 0 0 1 1 0 1 0 1 1 1 1 0 0 0 0 1 1 1 0 0 1 1 1 1
 1 1 0 0 0 0 1 1 1 1 1 1 0 1 1 1 0 0 0]","[0.141    0.216    0.108    0.25     0.15     0.208    0.65     0.283
 0.5      0.317    0.25     0.342    0.091    0.291    0.342    0.216
 0.358    0.417    0.2      0.358    0.492    0.141    0.45     0.267
 0.258    0.342    0.108    0.458    0.225    0.133    0.2      0.183
 0.1      0.158    0.091    0.35     0.25     0.483    0.467    0.225
 0.133    0.241    0.192    0.517    0.133    1.627    0.141    0.55
 0.317    0.458    0.116    0.283    0.4      0.183    0.325    0.181762]",1,sb_int-multiplicative_comp-vsmean_gbatt-true_gbalt-true_lk-gaze-dependent_inh-none,0
7745,37,2,96,compromise,A,R,0,target,15540.0,0.75,0.65,0.82,11,15,7,2,1,0,True,True,True,"[1 2 2 2 2 2 2 1 1 1 2 1 1 1 0 0 1 1 0 0 0 1 0 0 1 2 2 2 0 0 0 2 0 2 2 0 0
 1 1 1 0 1 1 1 0 1 0 1 0 0 0 1 0 0]","[0 0 0 1 1 0 0 0 1 1 1 1 0 0 0 0 0 1 1 0 0 0 0 1 1 1 0 0 1 1 0 0 0 0 0 0 0
 0 1 1 0 0 1 1 1 0 0 1 1 0 0 0 0 0]","[0.183    0.133    0.083    0.116    0.367    0.2      0.125    0.325
 0.283    0.125    0.442    0.25     0.25     0.133    0.233    0.183
 0.183    0.283    0.342    0.266    0.108    0.358    0.2      0.292
 0.141    0.625    0.1      0.2      0.133    0.241    0.267    0.3
 0.483    0.141    0.275    0.317    0.2      0.358    0.083    0.175
 0.25     0.292    0.167    0.408    0.325    0.342    0.283    0.266
 0.442    0.091    0.166    0.275    0.275    0.131654]",0,sb_int-multiplicative_comp-vsmean_gbatt-true_gbalt-true_lk-gaze-dependent_inh-none,0
7746,37,2,97,attraction,A,L,1,competitor,14280.0,0.78,0.68,0.76,11,15,10,2,0,1,False,False,True,"[1 1 1 1 1 1 1 2 2 1 2 1 2 2 1 1 0 0 2 2 0 2 0 2 2 0 0 2 2 2 0 0 1 1 1 1 0
 0 1 1 1 1 1 1 1 1]","[1 0 1 1 0 0 1 1 0 0 1 1 1 0 1 0 1 0 1 0 1 0 1 0 0 1 1 0 1 1 0 1 1 0 0 1 0
 0 1 1 0 1 1 0 0 1]","[0.275    0.492    0.291    0.141    0.183    0.425    0.158    0.292
 0.542    0.191    0.208    0.392    0.158    0.183    0.175    0.433
 0.383    0.367    0.266    0.15     0.15     0.275    0.5      0.133
 0.083    0.141    0.367    0.258    0.2      0.108    0.141    0.55
 0.358    0.125    0.392    0.342    0.242    0.4      0.191    0.45
 0.333    0.267    0.141    0.4      0.158    0.141515]",1,sb_int-multiplicative_comp-vsmean_gbatt-true_gbalt-true_lk-gaze-dependent_inh-none,0
7747,37,2,98,attraction,B,M,0,competitor,13740.0,0.72,0.62,0.6,11,15,14,1,2,0,False,False,True,"[2 2 2 2 2 2 2 0 0 0 0 2 0 2 2 0 0 0 0 2 0 0 0 1 1 1 1 0 0 1 2 2 1 2 2 1 1
 1 0 0 0 0 1 1 0 1 1 0 0]","[0 1 1 0 1 1 0 1 0 0 1 1 0 0 0 0 0 0 1 1 1 1 0 0 1 1 0 1 1 1 0 0 1 1 1 0 0
 1 1 1 0 0 1 1 1 0 0 0 1]","[0.242    0.183    0.15     0.692    0.083    0.433    0.15     0.217
 0.083    0.258    0.442    0.375    0.5      0.2      0.233    0.125
 0.3      0.525    0.459    0.367    0.233    0.166    0.208    0.133
 0.083    0.317    0.367    0.15     0.175    0.2      0.15     0.358
 0.191    0.175    0.083    0.191    0.175    0.367    0.083    0.108
 0.192    0.342    0.216    0.083    0.316    0.258    0.083    0.158
 0.220616]",1,sb_int-multiplicative_comp-vsmean_gbatt-true_gbalt-true_lk-gaze-dependent_inh-none,0
7748,37,2,99,attraction,A,M,1,competitor,13210.0,0.72,0.65,0.7,10,14,9,0,1,2,False,True,True,"[1 0 0 0 0 1 1 1 0 0 1 1 0 1 1 1 1 0 1 1 1 2 2 2 2 2 1 1 2 0 0 2 0 0 0 0 0
 0 0 0 0 0 1 1 0 1 1]","[0 1 1 0 0 0 0 1 1 1 1 1 1 1 1 0 0 0 0 0 1 0 0 1 0 0 0 1 1 1 1 0 0 0 1 1 0
 1 0 0 1 1 0 0 1 1 0]","[0.183    0.392    0.15     0.141    0.292    0.15     0.108    0.425
 0.116    0.233    0.2      0.175    0.392    0.158    0.2      0.175
 0.091    0.333    0.15     0.2      0.258    0.158    0.167    0.292
 0.183    0.2      0.283    0.342    0.241    0.125    0.191    0.225
 0.1      0.15     0.266    0.125    0.125    0.25     0.35     0.242
 0.25     0.408    0.175    0.275    0.233    0.675    0.528964]",1,sb_int-multiplicative_comp-vsmean_gbatt-true_gbalt-true_lk-gaze-dependent_inh-none,0
7749,37,2,100,attraction,A,M,0,target,31930.0,0.78,0.68,0.76,10,15,9,1,2,0,False,True,False,"[2 2 2 2 2 2 2 0 0 2 2 0 0 2 0 0 0 0 1 0 1 1 1 1 1 1 0 1 1 1 1 1 1 1 0 0 0
 0 1 1 1 1 0 0 0 1 0 0 1 1 1 1 1 1 1 1 1 0 0 0 2 2 2 0 0 0 1 1 0 0 1 1 0 0
 1 1 1 0 1 1 1 1 0 0 0 0 0 1 1 1 1 1 0 0 0 1 0 0]","[1 1 0 0 1 1 0 1 0 1 0 1 1 1 0 0 0 1 0 1 0 0 1 1 0 0 1 0 0 0 1 1 0 0 1 1 0
 0 1 1 0 0 1 1 0 1 1 1 0 0 1 1 0 1 1 0 1 0 1 1 1 0 1 1 0 0 0 0 1 1 0 0 1 1
 0 0 1 0 1 1 0 0 1 1 0 1 1 0 1 1 0 0 1 1 0 1 1 1]","[0.083    0.333    0.233    0.15     0.15     0.358    0.175    0.408
 0.35     0.208    0.091    0.15     0.325    0.342    0.258    0.751
 0.242    0.625    0.392    0.392    0.125    1.468    0.233    0.283
 0.125    0.325    0.442    0.1      0.525    0.15     0.191    0.392
 0.158    0.266    0.1      0.225    0.141    0.15     0.258    0.125
 0.15     0.367    0.558    0.333    0.609    0.2      0.275    0.116
 0.133    0.475    0.342    0.116    0.4      0.292    0.116    0.567
 0.217    0.216    0.192    0.166    0.3      0.367    0.283    0.183
 0.116    0.191    0.342    0.192    0.133    0.375    0.442    0.217
 0.183    0.275    0.3      0.133    0.25     0.325    0.308    0.675
 0.125    0.392    0.208    0.242    0.225    0.584    0.183    0.4
 0.091    0.392    0.475    0.183    0.175    0.208    0.575    0.216
 0.15     0.429897]",0,sb_int-multiplicative_comp-vsmean_gbatt-true_gbalt-true_lk-gaze-dependent_inh-none,0
7750,37,2,101,attraction,B,L,0,competitor,21400.0,0.78,0.62,0.6,10,14,13,0,2,1,False,False,False,"[2 0 0 0 0 0 2 2 0 0 2 2 0 0 0 0 0 0 0 0 0 0 0 0 2 0 0 2 2 0 0 2 2 0 0 2 1
 2 2 1 2 1 1 1 1 1 1 1 1 1 1 2 0 1 1 0 0 1 0 0 0 0 1 1 0 0 1 1 0 0 0 0 1 2
 2]","[1 1 1 0 0 1 1 0 0 1 1 1 1 1 0 0 0 1 1 1 0 0 1 1 1 1 1 1 1 1 1 1 0 0 0 1 1
 1 1 0 0 1 1 0 1 1 0 0 0 1 1 0 1 1 1 1 1 1 1 1 0 0 0 0 0 0 0 0 0 0 1 1 1 1
 1]","[0.192    0.4      0.425    0.258    0.108    0.408    0.3      0.241
 0.484    0.291    0.1      0.375    0.166    0.175    0.091    0.116
 0.091    0.175    0.458    0.291    0.183    0.308    0.233    0.275
 0.584    0.258    0.2      0.083    0.358    0.091    0.283    0.183
 0.308    0.108    0.125    0.726    0.45     0.2      0.083    0.25
 0.166    0.216    0.166    0.258    0.091    0.801    0.35     0.241
 0.15     0.325    0.166    0.1      0.709    0.116    0.425    0.166
 0.191    0.392    0.166    0.125    0.158    0.233    0.283    0.108
 0.241    0.1      0.216    0.175    0.158    0.091    0.242    0.158
 0.158    0.166    0.133213]",0,sb_int-multiplicative_comp-vsmean_gbatt-true_gbalt-true_lk-gaze-dependent_inh-none,0
7751,37,2,102,compromise,A,M,2,decoy,9870.0,0.72,0.65,0.82,11,15,7,2,0,1,False,True,False,[1 1 1 1 2 2 2 2 2 2 2 2 1 1 1 2 0 0 0 2 2 0 0 2 0 0 0 0 2 2 2 2 2],[0 1 1 0 1 0 0 1 0 1 1 0 1 1 0 1 1 0 0 1 1 1 1 0 1 1 1 0 1 1 0 0 1],"[0.383 0.225 0.116 0.2   0.383 0.233 0.133 0.425 0.467 0.241 0.333 0.317
 0.208 0.125 0.358 0.383 0.417 0.141 0.35  0.108 0.233 0.116 0.091 0.25
 0.208 0.509 0.175 0.367 0.241 0.342 0.342 0.158 0.158]",2,sb_int-multiplicative_comp-vsmean_gbatt-true_gbalt-true_lk-gaze-dependent_inh-none,0
7752,37,2,103,compromise,A,L,0,target,13700.0,0.78,0.68,0.82,11,15,8,0,1,2,False,False,False,"[0 0 0 1 0 0 0 0 0 0 2 2 0 0 1 2 0 0 1 2 0 0 1 1 0 1 2 2 0 1 1 2 1 1 1 0 1
 0 1 0 1 1 1 0 0]","[1 0 1 1 1 0 0 1 1 1 1 1 1 1 1 0 0 1 1 1 1 1 1 1 0 0 0 0 0 0 0 0 0 1 1 1 1
 1 0 0 0 0 1 1 1]","[0.267 0.275 0.25  0.333 0.191 0.233 0.108 0.083 0.175 0.4   0.125 0.175
 0.166 0.192 0.15  0.241 0.3   0.35  0.141 0.492 0.358 0.2   0.158 0.2
 0.308 0.125 0.25  0.258 0.266 0.083 0.133 0.333 0.25  0.408 0.133 0.534
 0.392 0.125 0.183 0.35  0.433 0.116 0.459 0.183 1.034]",0,sb_int-multiplicative_comp-vsmean_gbatt-true_gbalt-true_lk-gaze-dependent_inh-none,0
7753,37,2,104,filler,,R,2,,6690.0,0.27,0.61,0.89,37,16,11,1,0,2,True,False,False,[1 1 1 1 1 1 1 1 1 0 0 1 1 1 2 2 1 1 1 1 2 0],[1 0 0 1 1 0 0 1 1 1 0 0 1 1 1 0 0 0 1 1 1 0],"[0.467    0.125    0.458    0.083    0.275    0.108    0.266    0.208
 0.116    0.317    0.392    0.208    0.1      0.283    0.567    0.433
 0.158    0.091    0.25     0.125    0.659    0.204967]",1,sb_int-multiplicative_comp-vsmean_gbatt-true_gbalt-true_lk-gaze-dependent_inh-none,0
7754,37,2,105,attraction,B,L,0,competitor,11790.0,0.72,0.62,0.6,11,15,14,0,2,1,True,True,True,"[0 0 0 0 0 0 0 0 2 2 2 0 2 1 2 2 2 1 2 2 1 1 1 0 0 1 1 0 0 1 0 1 0 2 1 0 0
 0 1 0]","[0 0 1 0 0 1 1 0 0 1 1 1 1 1 1 0 0 0 0 1 1 0 0 0 0 0 0 0 0 0 1 1 1 0 0 0 1
 1 1 0]","[0.1      0.367    0.433    0.167    0.258    0.183    0.108    0.308
 0.192    0.225    0.083    0.233    0.108    0.158    0.241    0.267
 0.091    0.408    0.183    0.233    0.283    0.141    0.692    0.125
 0.525    0.35     0.216    0.217    0.208    0.216    0.166    0.333
 0.175    0.175    0.183    0.542    0.266    0.1      0.717    0.036312]",0,sb_int-multiplicative_comp-vsmean_gbatt-true_gbalt-true_lk-gaze-dependent_inh-none,0
7755,37,2,106,compromise,B,R,2,decoy,14590.0,0.75,0.62,0.58,10,15,19,0,1,2,False,True,False,"[0 0 0 0 0 1 1 1 1 0 1 2 2 2 0 0 1 0 1 0 0 0 0 0 2 2 1 1 1 0 0 2 2 2 2 2 0
 0 2 2 1 0 1 2 1 2 2 1 2]","[1 1 1 0 1 0 1 0 0 0 0 0 1 1 1 1 1 1 0 0 1 1 0 0 1 1 0 1 1 1 1 1 0 1 1 0 0
 1 1 1 0 1 1 1 0 0 0 0 1]","[0.108    0.358    0.358    0.358    0.158    0.183    0.4      0.233
 0.383    0.408    0.183    0.4      0.45     0.141    0.175    0.125
 0.525    0.108    0.258    0.233    0.141    0.684    0.241    0.166
 0.158    0.175    0.592    0.308    0.133    0.183    0.116    0.192
 0.216    0.1      0.3      0.4      0.25     0.183    0.216    0.15
 0.208    0.283    0.776    0.225    0.25     0.191    0.233    0.166
 0.221169]",2,sb_int-multiplicative_comp-vsmean_gbatt-true_gbalt-true_lk-gaze-dependent_inh-none,0
7756,37,2,107,attraction,A,R,0,target,12130.0,0.75,0.65,0.73,11,14,10,2,1,0,False,False,True,"[1 2 2 2 2 2 1 1 1 1 2 1 1 2 2 1 2 1 1 1 0 1 1 1 1 0 0 1 0 0 0 1 1 1 0 0 2
 2 2 0 0 0 0 0 0 0]","[1 0 0 1 1 0 1 0 0 1 0 1 1 0 0 0 1 0 1 1 1 1 0 0 1 1 1 0 0 1 1 0 0 1 1 0 0
 0 1 1 1 0 0 1 1 1]","[0.133    0.108    0.133    0.183    0.183    0.175    0.283    0.25
 0.158    0.325    0.517    0.183    0.225    0.108    0.083    0.141
 0.233    0.308    0.158    0.317    0.333    0.216    0.208    0.208
 0.216    0.1      0.542    0.158    0.634    0.275    0.083    0.108
 0.417    0.333    0.166    0.233    0.141    0.3      0.3      0.233
 0.125    0.242    0.158    0.216    0.191    0.133771]",0,sb_int-multiplicative_comp-vsmean_gbatt-true_gbalt-true_lk-gaze-dependent_inh-none,0
7757,37,2,108,attraction,A,M,1,competitor,13370.0,0.72,0.65,0.7,10,15,9,0,1,2,True,False,True,"[1 0 0 0 0 1 1 1 1 0 1 0 1 1 2 2 2 2 1 0 2 2 2 0 0 2 2 0 0 0 0 2 2 1 0 1 0
 0 1 1 1 1 1]","[1 0 1 0 0 0 1 0 0 0 1 1 1 1 0 1 0 0 0 0 0 0 1 1 1 1 0 0 1 0 0 0 0 1 1 1 0
 0 0 0 1 1 1]","[0.125    0.433    0.425    0.216    0.183    0.15     0.458    0.158
 0.15     0.267    0.434    0.4      0.166    0.141    0.425    0.383
 0.091    0.467    0.3      0.3      0.166    0.166    0.4      0.183
 0.25     0.2      0.192    0.233    0.15     0.083    0.233    0.208
 0.275    0.375    0.542    0.275    0.1      0.25     0.242    0.216
 0.542    0.15     0.166619]",1,sb_int-multiplicative_comp-vsmean_gbatt-true_gbalt-true_lk-gaze-dependent_inh-none,0
7758,37,2,109,filler,,M,2,,4550.0,0.32,0.6,0.78,31,16,12,0,2,1,False,True,True,[0 0 0 0 0 2 2 2 2 2 1 1 1 2 2 2 2],[1 1 0 0 1 0 0 1 0 0 0 0 1 1 1 0 0],"[0.116    0.333    0.241    0.483    0.308    0.116    0.175    0.367
 0.241    0.216    0.233    0.175    0.333    0.116    0.191    0.225
 0.168043]",2,sb_int-multiplicative_comp-vsmean_gbatt-true_gbalt-true_lk-gaze-dependent_inh-none,0
7759,37,2,110,filler,,M,2,,13040.0,0.19,0.56,0.8,52,17,12,0,2,1,False,True,True,"[0 2 2 1 2 0 2 1 2 2 1 1 1 2 1 1 1 2 1 1 1 1 2 2 0 0 0 0 0 0 0 2 2 2 2 2 1
 1 1 1 2 1 2]","[1 0 0 0 1 0 1 1 0 0 0 0 1 1 1 0 0 0 0 0 1 1 1 1 1 1 1 0 0 1 1 0 0 1 0 0 0
 0 1 1 1 1 0]","[0.342    0.141    0.175    0.091    0.175    0.15     0.2      0.3
 0.241    0.108    0.25     0.091    1.343    0.216    0.417    0.258
 0.241    0.408    0.091    0.15     0.659    0.684    0.166    0.367
 0.183    0.292    0.408    0.191    0.217    0.108    0.275    0.083
 0.175    0.442    0.091    0.3      0.241    0.216    0.166    0.158
 0.525    0.233    0.348139]",2,sb_int-multiplicative_comp-vsmean_gbatt-true_gbalt-true_lk-gaze-dependent_inh-none,0
7760,37,2,111,compromise,A,M,2,decoy,13560.0,0.75,0.68,0.88,10,15,8,2,0,1,True,True,True,"[1 1 1 1 1 1 1 2 2 2 2 2 2 2 2 1 1 1 2 2 1 2 2 1 1 2 2 0 0 2 2 0 2 2 0 2 2
 2 2 0 0 2 2 0 1 1 2]","[0 0 1 0 0 1 1 1 0 0 0 1 1 0 0 0 0 1 1 0 0 0 0 0 0 0 0 0 0 0 1 1 1 1 1 1 1
 0 0 0 0 0 0 0 0 1 1]","[0.342 0.175 0.492 0.342 0.091 0.208 0.1   0.241 0.175 0.208 0.283 0.25
 0.108 0.183 0.166 0.166 0.175 0.442 0.317 0.141 0.166 0.208 0.175 0.083
 0.283 0.083 0.208 0.233 0.458 0.367 0.116 0.383 0.166 0.4   0.525 0.141
 0.876 0.216 0.492 0.091 0.325 0.116 0.108 0.2   0.283 0.392 0.2  ]",2,sb_int-multiplicative_comp-vsmean_gbatt-true_gbalt-true_lk-gaze-dependent_inh-none,0
7761,37,2,112,attraction,B,L,0,competitor,16730.0,0.78,0.62,0.6,10,15,14,0,2,1,True,True,True,"[0 0 0 0 0 0 2 2 0 0 2 2 0 2 2 1 2 2 2 2 2 2 2 0 0 0 2 1 0 0 0 0 1 1 1 1 2
 2 2 2 1 1 1 1 1 0 0 0 0 0 0 1 1 0 1 0 0 0 0 0 0]","[0 0 1 1 0 1 1 0 0 0 0 1 1 0 0 0 0 0 0 1 0 0 0 0 0 1 1 1 1 1 0 0 0 0 1 1 1
 1 0 0 0 1 1 0 0 0 0 1 1 0 0 0 0 1 1 1 1 0 0 0 1]","[0.158    0.25     0.083    0.275    0.208    0.383    0.342    0.116
 0.083    0.25     0.383    0.342    0.175    0.216    0.1      0.241
 0.15     0.233    0.625    0.375    0.141    0.392    0.242    0.166
 0.283    0.659    0.225    0.258    0.216    0.1      0.208    0.158
 0.217    0.225    0.166    0.517    0.292    0.133    0.166    0.15
 0.241    0.258    0.125    0.083    0.333    0.258    0.183    0.108
 0.233    0.183    0.208    0.191    0.283    0.208    0.483    0.091
 0.4      0.183    0.15     0.492    0.085246]",0,sb_int-multiplicative_comp-vsmean_gbatt-true_gbalt-true_lk-gaze-dependent_inh-none,0
7762,37,2,113,filler,,M,0,,17030.0,0.31,0.38,0.85,32,26,11,1,0,2,True,False,False,"[0 1 1 1 1 1 1 1 1 1 1 1 0 0 1 0 1 1 0 0 1 1 0 1 0 2 2 0 0 2 2 1 1 1 1 0 0
 0 0 0 1 1 0 0 1 0 0 0 0 0 2]","[0 1 1 0 1 1 1 1 1 0 1 1 0 0 0 0 1 1 1 1 1 1 0 0 0 1 0 1 1 1 1 1 1 0 0 0 0
 1 0 0 0 0 1 1 1 1 1 0 1 0 1]","[0.108    0.225    0.267    0.525    0.292    0.141    0.141    0.634
 0.133    0.876    0.15     0.3      0.158    0.275    0.358    0.166
 0.116    0.091    0.292    0.125    0.233    0.191    0.525    0.558
 0.15     0.634    0.333    0.158    0.166    0.083    0.475    0.308
 0.225    0.392    0.091    0.133    0.216    0.559    0.083    0.434
 0.141    0.192    0.158    0.125    0.4      0.258    0.183    0.784
 0.2      0.325    0.257441]",2,sb_int-multiplicative_comp-vsmean_gbatt-true_gbalt-true_lk-gaze-dependent_inh-none,0
7763,37,2,114,attraction,B,M,1,target,6900.0,0.72,0.62,0.6,10,15,14,0,1,2,False,False,False,[0 0 0 0 0 0 1 1 0 1 1 1 1 1 1 1 2 1 2 1 1 1 1],[1 1 0 0 1 1 1 0 0 1 1 0 0 1 0 1 1 1 0 0 1 0 1],"[0.1      0.517    0.175    0.15     0.1      0.125    0.584    0.325
 0.192    0.108    0.467    0.25     0.233    0.417    0.15     0.108
 0.492    0.217    0.292    0.208    0.317    0.3      0.293996]",1,sb_int-multiplicative_comp-vsmean_gbatt-true_gbalt-true_lk-gaze-dependent_inh-none,0
7764,37,2,115,compromise,B,R,0,competitor,11870.0,0.78,0.65,0.52,11,14,19,2,0,1,False,False,False,"[1 1 1 1 1 2 1 1 1 2 2 2 2 1 2 1 2 2 1 2 2 0 2 2 1 1 1 0 0 0 1 1 0 1 0 1 0
 0 0]","[1 1 0 1 1 1 1 0 0 0 0 1 1 1 1 1 0 0 0 0 0 0 1 1 1 1 0 0 1 1 1 1 1 1 0 0 0
 1 1]","[0.091    0.292    0.375    0.275    0.183    0.25     0.325    0.175
 0.241    0.25     0.2      0.208    0.125    0.267    0.45     0.266
 0.125    0.233    0.342    0.158    0.575    0.225    0.133    0.442
 0.266    0.3      0.3      0.141    0.1      0.584    0.116    0.183
 0.267    0.417    0.3      0.375    0.208    0.6      0.053589]",0,sb_int-multiplicative_comp-vsmean_gbatt-true_gbalt-true_lk-gaze-dependent_inh-none,0
7765,37,2,116,compromise,B,R,2,decoy,11870.0,0.75,0.62,0.58,11,14,20,0,1,2,True,False,False,[0 0 0 0 1 1 1 0 0 0 1 1 0 1 1 1 1 1 2 2 2 1 1 1 2 2 0 2 2 0 0 0 0 2 2 2],[0 0 1 0 0 0 1 1 0 0 0 1 1 1 1 1 0 1 1 0 1 1 1 0 0 1 0 1 1 1 1 0 0 0 1 1],"[0.175   0.367   0.425   0.442   0.15    0.108   0.559   0.317   0.108
 0.216   0.308   0.375   0.375   0.2     0.125   0.851   0.166   0.241
 0.425   0.383   0.442   0.233   0.091   0.292   0.408   0.267   0.216
 0.108   0.525   0.125   0.308   0.266   0.083   0.241   0.1     0.06178]",2,sb_int-multiplicative_comp-vsmean_gbatt-true_gbalt-true_lk-gaze-dependent_inh-none,0
7766,37,2,117,compromise,A,M,0,target,29350.0,0.78,0.68,0.88,11,15,7,1,0,2,False,True,True,"[1 1 1 1 1 1 1 0 1 1 1 1 1 1 1 1 1 0 0 0 0 1 1 1 1 1 1 1 1 1 1 1 0 0 0 0 2
 2 0 0 1 1 0 0 0 2 2 2 2 2 2 0 0 0 0 1 1 1 1 1 1 1 1 1 0 0 1 0 1 0 0 1 0 1
 1 1 0 0 0 0 1]","[0 0 1 1 0 0 0 1 0 0 1 1 1 1 1 0 0 0 0 1 1 0 0 1 1 0 0 0 0 1 1 1 0 0 1 1 0
 0 1 1 1 0 0 1 1 0 0 1 1 0 0 1 0 0 1 0 1 1 0 1 0 0 1 1 1 1 0 0 1 1 1 0 0 0
 0 1 1 0 0 1 1]","[0.091 0.333 0.208 0.208 0.108 0.125 0.208 0.1   0.108 0.183 0.65  0.1
 0.533 0.475 0.417 0.592 1.001 0.116 0.417 0.3   0.217 0.283 0.884 0.333
 0.367 0.108 0.141 1.443 0.734 0.175 0.459 0.801 0.108 0.559 0.292 0.2
 0.208 0.116 0.3   0.133 0.35  0.266 0.367 0.083 0.408 0.283 0.166 0.167
 0.183 0.208 0.283 0.517 0.191 0.267 0.15  0.316 0.233 0.45  0.433 0.35
 0.292 0.133 0.166 0.191 0.083 0.241 0.383 0.242 0.35  0.225 0.133 0.751
 0.408 0.508 0.475 0.408 0.283 0.208 0.133 0.625 0.267]",0,sb_int-multiplicative_comp-vsmean_gbatt-true_gbalt-true_lk-gaze-dependent_inh-none,0
7767,37,2,118,compromise,A,L,0,target,13230.0,0.78,0.62,0.85,10,15,7,0,1,2,True,False,False,"[0 0 0 0 1 2 2 2 1 2 0 0 1 0 0 0 0 0 0 0 0 1 1 1 1 0 0 0 2 2 2 2 2 0 0 2 2
 0 0 0]","[0 0 0 1 1 1 1 0 0 1 0 0 0 1 1 1 0 0 1 0 0 0 0 1 1 1 1 0 1 0 0 1 1 0 1 1 0
 0 0 1]","[0.15     0.408    0.141    0.383    0.283    0.116    0.291    0.367
 0.283    0.408    0.325    0.291    0.192    0.225    0.183    0.083
 0.292    0.308    0.942    0.116    0.684    0.191    0.175    0.233
 0.35     0.175    0.175    0.3      0.241    0.158    0.183    0.283
 0.166    0.15     0.992    0.125    0.208    0.383    0.492    0.124373]",0,sb_int-multiplicative_comp-vsmean_gbatt-true_gbalt-true_lk-gaze-dependent_inh-none,0
7768,37,2,119,compromise,B,L,2,decoy,11450.0,0.72,0.62,0.55,11,14,20,1,2,0,True,True,False,"[2 2 2 2 2 0 0 0 0 2 2 0 2 2 0 0 1 1 1 1 0 0 1 1 0 1 1 1 1 0 2 2 1 1 1 2 2
 2 2 2]","[1 1 0 1 1 0 1 1 0 0 0 0 1 1 1 1 1 0 0 1 0 0 1 0 1 0 0 1 1 0 1 1 1 1 0 0 0
 1 0 1]","[0.258   0.108   0.392   0.183   0.3     0.584   0.225   0.191   0.525
 0.241   0.141   0.175   0.091   0.241   0.291   0.133   0.133   0.225
 0.191   0.4     0.083   0.408   0.258   0.258   0.375   0.216   0.1
 0.175   0.258   0.15    0.108   0.358   0.133   0.083   0.216   0.166
 0.317   0.342   0.358   0.50034]",2,sb_int-multiplicative_comp-vsmean_gbatt-true_gbalt-true_lk-gaze-dependent_inh-none,0
7769,37,2,120,compromise,A,L,2,decoy,13550.0,0.78,0.68,0.88,10,15,8,2,1,0,True,True,False,"[2 2 2 2 2 1 1 1 1 1 1 2 2 1 1 1 2 0 0 0 0 0 2 2 0 0 0 2 2 0 0 2 2 0 2 2 0
 0 0 2 2 2 2 2 2 2 2 2 1 1]","[1 0 0 1 1 0 0 1 1 0 0 1 1 0 1 1 0 1 1 1 0 0 0 0 0 1 1 1 1 0 0 0 0 1 1 1 1
 1 1 1 1 0 0 1 0 0 1 1 0 0]","[0.367 0.158 0.183 0.15  0.267 0.108 0.216 0.333 0.233 0.2   0.116 0.225
 0.091 0.191 0.208 0.116 0.35  0.108 0.2   0.116 0.15  0.525 0.116 0.283
 0.166 0.116 0.166 0.1   0.342 0.367 0.266 0.141 0.433 0.325 0.175 0.317
 0.208 0.216 0.4   0.292 0.467 0.091 0.442 0.6   0.258 0.233 0.317 0.133
 0.258 0.216]",2,sb_int-multiplicative_comp-vsmean_gbatt-true_gbalt-true_lk-gaze-dependent_inh-none,0
7770,37,2,121,attraction,A,L,1,competitor,15260.0,0.75,0.68,0.73,10,14,9,1,0,2,True,False,False,"[1 1 1 0 0 0 1 1 1 0 0 2 2 2 2 0 0 0 0 0 2 0 1 1 0 0 1 1 1 0 0 1 1 0 0 0 1
 1 1 0 0 0 1 0 0 0 0 0 0 1 1 1]","[1 1 0 0 0 1 1 1 0 0 1 1 1 0 1 0 0 1 1 0 0 1 1 1 0 1 1 0 0 0 0 0 0 0 0 1 1
 1 1 0 1 1 1 0 0 1 0 1 0 0 1 1]","[0.317    0.116    0.4      0.083    0.258    0.383    0.2      0.183
 0.408    0.25     0.208    0.283    0.091    0.417    0.467    0.141
 0.308    0.225    0.158    0.333    0.25     0.125    0.292    0.183
 0.166    0.242    0.308    0.175    0.208    0.158    0.333    0.191
 0.709    0.116    0.108    0.275    0.108    0.358    0.15     0.2
 0.183    0.091    0.292    0.4      0.15     0.3      0.292    0.191
 0.834    0.375    0.25     0.242676]",1,sb_int-multiplicative_comp-vsmean_gbatt-true_gbalt-true_lk-gaze-dependent_inh-none,0
7771,37,2,122,attraction,A,R,1,competitor,9810.0,0.72,0.68,0.7,10,14,9,0,2,1,False,False,True,[2 0 0 0 0 0 2 0 0 0 2 2 0 1 1 1 1 0 1 1 1 1 0 0 1 0 0 0 1 1 1 1 0],[0 1 0 0 0 1 0 1 0 0 1 0 1 1 1 1 1 0 1 1 0 0 1 1 1 0 1 1 1 1 0 1 0],"[0.091 0.233 0.1   0.258 0.116 0.316 0.475 0.183 0.192 0.166 0.275 0.392
 0.217 0.267 0.5   0.216 0.25  0.45  0.233 0.183 0.15  0.217 0.15  0.15
 0.484 0.35  0.133 0.308 0.083 0.225 0.267 0.433 0.216]",1,sb_int-multiplicative_comp-vsmean_gbatt-true_gbalt-true_lk-gaze-dependent_inh-none,0
7772,37,2,123,attraction,B,M,0,competitor,14070.0,0.78,0.62,0.6,11,15,14,1,0,2,True,True,False,"[1 1 1 0 1 0 1 0 0 2 2 0 0 1 1 1 0 0 1 1 0 0 1 1 1 1 1 0 0 0 0 2 2 2 2 2 0
 0 1 1 2 2 1 1 1 1 1 1 2 0]","[0 0 1 1 1 0 0 0 1 0 1 1 1 0 0 1 1 0 0 0 0 0 1 0 1 0 0 0 1 0 0 1 0 0 1 0 1
 1 1 1 1 0 0 0 0 1 0 0 1 0]","[0.141    0.175    0.241    0.383    0.141    0.258    0.283    0.191
 0.25     0.183    0.35     0.116    0.217    0.158    0.158    0.467
 0.659    0.258    0.116    0.141    0.25     0.167    0.317    0.242
 0.241    0.275    0.125    0.425    0.158    0.266    0.225    0.3
 0.241    0.166    0.292    0.208    0.2      0.191    0.191    0.116
 0.308    0.325    0.216    0.15     0.091    0.216    0.108    0.258
 0.267    0.362367]",0,sb_int-multiplicative_comp-vsmean_gbatt-true_gbalt-true_lk-gaze-dependent_inh-none,0
7773,37,2,124,compromise,A,L,0,target,17020.0,0.78,0.68,0.85,10,15,7,0,2,1,False,False,False,"[2 0 0 0 0 0 0 0 2 2 0 2 0 2 0 2 2 2 2 0 2 2 0 0 0 0 0 2 2 0 0 2 1 1 0 0 1
 1 0 1 1 0 1 1 0 0 0 0 2 2 2]","[1 1 0 1 1 0 0 1 1 0 0 1 1 1 1 0 1 1 1 1 0 0 0 1 1 0 1 1 1 1 1 1 1 0 0 1 1
 1 1 0 0 0 0 1 1 1 0 0 0 0 1]","[0.208 0.375 0.275 0.091 0.367 0.191 0.342 0.241 0.417 0.308 0.233 0.367
 0.342 0.675 0.225 0.317 0.258 0.15  0.333 0.15  0.208 0.191 0.567 0.116
 0.859 0.191 0.133 0.233 0.141 0.275 0.158 0.258 0.65  0.25  0.325 0.333
 0.108 0.584 0.383 0.133 0.175 0.317 0.225 0.525 0.091 0.442 0.342 0.15
 0.141 0.225 0.275]",2,sb_int-multiplicative_comp-vsmean_gbatt-true_gbalt-true_lk-gaze-dependent_inh-none,0
7774,37,2,125,compromise,B,R,2,decoy,17720.0,0.72,0.65,0.58,10,15,19,0,1,2,True,True,False,"[0 0 0 0 0 0 0 0 0 1 2 2 0 0 1 1 0 1 1 1 0 1 1 0 0 1 1 1 0 1 1 1 2 2 2 2 1
 0 2 1 2 1 2 2 1 2 1 1 1 1 2 2]","[0 0 1 0 0 1 0 0 1 1 0 1 0 0 0 1 1 1 0 0 0 0 1 1 1 1 0 0 0 0 0 1 0 1 0 1 1
 1 1 1 0 0 0 1 1 1 1 1 0 0 0 1]","[0.266    0.225    0.3      0.55     0.308    0.734    0.116    0.559
 0.325    0.492    0.317    0.4      0.275    0.308    0.3      0.383
 0.216    0.158    0.292    0.283    0.283    0.166    0.292    0.191
 0.433    0.375    0.283    0.125    0.183    0.116    0.091    0.258
 0.183    0.358    0.433    0.2      0.592    0.392    0.25     0.342
 0.3      0.408    0.216    0.442    0.2      0.609    0.083    0.217
 0.133    0.233    0.208    0.143497]",2,sb_int-multiplicative_comp-vsmean_gbatt-true_gbalt-true_lk-gaze-dependent_inh-none,0
7775,37,2,126,filler,,L,2,,6380.0,0.29,0.42,0.72,34,23,13,1,2,0,True,True,True,[2 2 2 2 0 0 2 2 2 1 1 1 1 1 2 2 2 2 0 0 0],[0 0 1 0 0 1 1 0 0 0 0 1 0 0 0 0 1 1 1 1 0],"[0.166    0.333    0.4      0.233    0.559    0.475    0.383    0.225
 0.2      0.233    0.191    0.492    0.108    0.4      0.15     0.183
 0.141    0.283    0.108    0.233    0.064006]",0,sb_int-multiplicative_comp-vsmean_gbatt-true_gbalt-true_lk-gaze-dependent_inh-none,0
7776,37,2,127,attraction,B,M,0,competitor,13310.0,0.78,0.65,0.63,10,15,14,1,0,2,False,True,True,"[1 1 1 0 0 0 1 1 0 0 1 1 0 1 0 2 2 2 0 2 2 0 0 1 1 2 2 2 2 1 1 1 1 2 2 1 1
 0 0 1 1 0 0 1 0 1 1 0 0 0 0]","[0 1 1 1 1 0 0 0 0 0 0 0 1 1 1 0 0 0 1 1 1 0 0 0 0 1 1 0 0 1 0 1 1 0 0 0 0
 1 1 1 1 1 1 0 0 0 1 1 0 1 1]","[0.283    0.267    0.241    0.242    0.175    0.183    0.175    0.15
 0.141    0.175    0.2      0.1      0.283    0.392    0.208    0.241
 0.317    0.108    0.191    0.233    0.133    0.225    0.116    0.283
 0.141    0.133    0.241    0.175    0.208    0.175    0.241    0.116
 0.15     0.5      0.116    0.241    0.133    0.709    0.141    0.191
 0.333    0.233    0.175    0.258    0.492    0.141    0.308    0.3
 0.166    0.15     0.061913]",0,sb_int-multiplicative_comp-vsmean_gbatt-true_gbalt-true_lk-gaze-dependent_inh-none,0
7777,37,2,128,attraction,A,R,0,target,8610.0,0.78,0.62,0.76,11,14,10,2,1,0,False,False,True,[2 2 2 1 1 2 2 1 2 1 1 1 2 1 1 2 2 2 1 0 0 0 0 2 2 0 0 2 0 0 2 2],[0 1 1 1 1 0 0 1 0 1 1 0 1 1 1 0 0 0 1 1 1 0 0 0 0 1 1 1 1 0 0 0],"[0.517    0.2      0.2      0.191    0.275    0.083    0.158    0.675
 0.325    0.242    0.15     0.241    0.25     0.183    0.2      0.317
 0.275    0.166    0.175    0.241    0.158    0.141    0.242    0.141
 0.25     0.083    0.166    0.325    0.208    0.367    0.15     0.182859]",0,sb_int-multiplicative_comp-vsmean_gbatt-true_gbalt-true_lk-gaze-dependent_inh-none,0
7778,37,2,129,compromise,A,M,1,competitor,13430.0,0.72,0.68,0.82,11,15,7,0,1,2,True,True,True,"[0 0 0 0 1 0 0 0 1 1 1 1 1 0 1 1 1 0 1 1 1 2 2 1 1 1 0 0 0 1 1 1 0 0 1 1 0
 2 2 2 1]","[0 1 0 0 0 1 1 0 0 0 1 0 0 0 0 0 1 1 1 1 0 0 0 0 1 1 0 0 1 1 1 0 0 0 1 1 1
 1 0 0 0]","[0.751    0.3      0.25     0.2      0.141    0.308    0.751    0.183
 0.083    0.116    0.292    0.242    0.15     0.291    0.2      0.116
 0.475    0.258    0.15     0.083    0.3      0.2      0.166    0.3
 0.45     0.508    0.091    0.15     0.325    0.901    0.283    0.275
 0.15     0.333    0.133    0.25     0.267    0.567    0.3      0.116
 0.609577]",2,sb_int-multiplicative_comp-vsmean_gbatt-true_gbalt-true_lk-gaze-dependent_inh-none,0
7779,37,2,130,compromise,B,R,2,decoy,14870.0,0.72,0.62,0.58,10,14,20,0,1,2,False,False,True,"[0 0 0 1 1 2 1 1 2 1 1 1 1 0 0 0 0 0 1 1 0 1 1 1 1 1 0 0 0 0 0 0 0 0 1 1 1
 0 0 1 2 2 2 2 0 2 0 0 0 2 1 1 1 1 2]","[1 0 1 1 1 0 1 0 1 1 1 0 0 0 1 1 0 0 0 1 1 1 0 0 1 1 1 0 0 0 1 0 0 0 0 0 1
 1 1 1 0 0 1 0 1 0 0 0 1 1 1 1 0 0 0]","[0.308    0.308    0.183    0.091    0.15     0.242    0.183    0.233
 0.45     0.283    0.141    0.108    0.175    0.225    0.183    0.3
 0.175    0.25     0.333    0.358    0.225    0.208    0.083    0.291
 0.216    0.283    0.175    0.175    0.225    0.1      0.484    0.2
 0.425    0.408    0.2      0.133    0.233    0.083    0.125    0.116
 0.183    0.317    0.433    0.133    0.217    0.275    0.125    0.166
 0.292    0.458    0.2      0.242    0.083    0.3      0.154527]",2,sb_int-multiplicative_comp-vsmean_gbatt-true_gbalt-true_lk-gaze-dependent_inh-none,0
7780,37,2,131,compromise,B,L,2,decoy,7720.0,0.75,0.65,0.55,11,14,19,2,1,0,False,False,False,[2 2 2 1 1 1 2 1 1 1 0 0 1 1 0 2 2 2 1 1 1 1 2 2 2 1 1 2 2],[0 0 1 1 0 0 0 0 1 1 1 0 0 0 1 1 1 0 0 0 1 1 1 1 0 0 0 0 1],"[0.158    0.383    0.417    0.367    0.241    0.108    0.283    0.166
 0.325    0.116    0.291    0.5      0.191    0.1      0.308    0.191
 0.208    0.367    0.242    0.175    0.192    0.183    0.108    0.116
 0.175    0.233    0.141    0.2      0.103268]",2,sb_int-multiplicative_comp-vsmean_gbatt-true_gbalt-true_lk-gaze-dependent_inh-none,0
7781,37,2,132,attraction,B,M,0,competitor,9180.0,0.78,0.65,0.63,11,15,14,1,2,0,True,False,False,[2 2 2 0 0 0 0 2 2 0 2 2 0 0 1 0 0 0 0 1 2 1 1 1 0 0 1 1 0 0 1 0],[0 0 1 0 0 1 1 0 0 0 1 1 0 0 1 0 0 1 1 0 0 1 1 0 0 0 1 1 1 0 0 0],"[0.1     0.2     0.275   0.125   0.208   0.383   0.158   0.158   0.275
 0.275   0.183   0.25    0.241   0.458   0.25    0.1     0.1     0.2
 0.158   0.191   0.35    0.216   0.216   0.242   0.133   0.617   0.183
 0.15    0.45    0.3     0.333   0.20359]",0,sb_int-multiplicative_comp-vsmean_gbatt-true_gbalt-true_lk-gaze-dependent_inh-none,0
7782,37,2,133,filler,,R,0,,13210.0,0.24,0.37,0.76,41,27,13,2,0,1,True,True,True,"[2 1 1 2 2 0 2 0 0 0 1 1 0 0 0 1 2 2 2 2 2 0 2 2 2 2 2 2 1 0 2 2 2 0 0 0 0
 0 0 2 0]","[0 0 1 0 0 0 0 0 1 1 1 1 1 0 0 0 0 0 1 1 0 0 1 1 1 0 1 1 1 1 1 0 0 0 0 0 1
 0 0 0 0]","[0.1      0.433    0.484    0.2      0.125    0.275    0.166    0.241
 0.1      0.267    0.2      0.325    0.25     0.367    0.083    0.433
 0.35     0.367    0.208    0.166    0.367    0.241    0.492    0.233
 0.133    0.383    0.175    0.425    0.1      0.392    0.158    0.091
 0.492    0.292    0.35     0.467    0.667    0.216    0.292    0.383
 0.168186]",0,sb_int-multiplicative_comp-vsmean_gbatt-true_gbalt-true_lk-gaze-dependent_inh-none,0
7783,37,2,134,compromise,A,R,0,target,16090.0,0.78,0.65,0.82,11,14,7,2,1,0,False,True,True,"[2 2 2 2 2 2 2 2 2 2 2 2 2 2 1 1 1 1 2 1 1 0 0 0 0 0 0 1 1 1 2 2 1 2 2 2 1
 1 2 1 0 0 1 1 0 0 0 1 1 1 0 0 0]","[0 0 1 1 0 0 1 1 0 0 0 1 1 0 0 1 0 0 1 1 0 1 1 0 0 1 1 0 0 1 0 0 1 0 0 1 0
 0 1 0 1 1 0 1 0 1 1 0 1 1 0 1 1]","[0.133    0.333    0.141    0.458    0.158    0.233    0.208    0.534
 0.099    0.358    0.15     0.125    0.216    0.183    0.25     0.342
 0.508    0.133    0.267    0.442    0.442    0.225    0.191    0.133
 0.275    0.275    0.358    0.275    0.133    0.4      0.141    0.392
 0.483    0.175    0.133    0.2      0.216    0.375    0.35     0.275
 0.292    0.141    0.258    0.342    0.35     0.233    0.283    0.383
 0.192    0.125    0.909    0.241    0.052186]",0,sb_int-multiplicative_comp-vsmean_gbatt-true_gbalt-true_lk-gaze-dependent_inh-none,0
7784,37,2,135,compromise,B,L,0,competitor,14340.0,0.75,0.68,0.55,10,14,19,0,1,2,True,False,False,"[0 0 0 0 0 0 0 1 1 1 0 0 1 1 1 0 0 1 2 1 1 1 1 0 0 0 2 0 2 2 2 2 2 2 0 2 0
 0 2 2 2 2 0 0 0 0 0 0 2]","[0 0 1 0 0 0 1 0 0 1 1 1 1 0 0 0 0 1 1 0 0 1 1 0 1 1 0 0 1 1 0 0 1 1 1 0 0
 0 1 0 0 0 1 0 0 1 0 0 1]","[0.241 0.108 0.291 0.091 0.25  0.342 0.267 0.258 0.091 0.317 0.325 0.2
 0.317 0.175 0.1   0.108 0.15  0.492 0.425 0.116 0.166 0.166 0.125 0.525
 0.216 0.166 0.233 0.325 0.166 0.141 0.233 0.133 0.383 0.141 0.317 0.133
 0.15  0.308 0.767 0.291 0.233 0.267 0.166 0.225 0.15  0.534 0.233 0.275
 0.141]",0,sb_int-multiplicative_comp-vsmean_gbatt-true_gbalt-true_lk-gaze-dependent_inh-none,0
7785,37,2,136,attraction,A,L,0,target,7350.0,0.75,0.65,0.73,11,15,10,0,1,2,False,False,False,[0 0 0 0 1 1 0 2 2 1 2 0 0 2 0 0 0 0 0 1 1 1 1 0 0 0 1 0 0],[1 1 0 1 1 0 0 0 1 1 1 1 1 0 0 0 1 1 0 0 1 1 0 0 0 1 1 1 1],"[0.091    0.2      0.333    0.233    0.35     0.3      0.208    0.267
 0.191    0.425    0.275    0.158    0.133    0.35     0.083    0.1
 0.225    0.158    0.166    0.208    0.3      0.258    0.258    0.1
 0.141    0.241    0.308    0.225    0.051205]",0,sb_int-multiplicative_comp-vsmean_gbatt-true_gbalt-true_lk-gaze-dependent_inh-none,0
7786,37,2,137,attraction,B,L,0,competitor,7930.0,0.72,0.62,0.6,11,14,13,0,1,2,False,True,False,[0 0 0 0 1 1 2 1 1 0 1 1 0 0 0 2 2 2 2 0 2 0 0 1 1 1 1 1 1 0 0],[1 1 0 1 0 0 1 0 0 1 1 0 0 0 1 0 1 1 0 0 1 1 1 0 0 1 1 0 0 0 1],"[0.15     0.609    0.25     0.208    0.216    0.108    0.233    0.116
 0.125    0.258    0.383    0.233    0.258    0.158    0.2      0.241
 0.083    0.467    0.275    0.116    0.191    0.15     0.1      0.233
 0.133    0.091    0.283    0.1      0.191    0.258    0.199919]",1,sb_int-multiplicative_comp-vsmean_gbatt-true_gbalt-true_lk-gaze-dependent_inh-none,0
7787,37,2,138,compromise,B,L,1,target,10460.0,0.72,0.65,0.55,10,15,20,2,0,1,False,False,False,[1 1 1 2 2 2 2 0 0 0 0 0 0 0 1 1 1 0 2 1 0 1 1 1 0 0 0 0 0 0 0 1 1 1 1 1 2],[1 0 0 0 0 1 1 1 1 0 0 1 1 0 1 1 0 0 0 1 1 1 1 1 0 0 1 1 0 1 0 1 0 1 0 0 1],"[0.283    0.091    0.133    0.091    0.083    0.217    0.216    0.1
 0.175    0.166    0.2      0.267    0.158    0.208    0.258    0.083
 0.242    0.183    0.217    0.208    1.034    0.233    0.091    0.1
 0.258    0.15     0.341    0.158    0.408    0.45     0.383    0.25
 0.191    0.467    0.216    0.108    0.068127]",1,sb_int-multiplicative_comp-vsmean_gbatt-true_gbalt-true_lk-gaze-dependent_inh-none,0
7788,37,2,139,compromise,A,M,0,target,11450.0,0.78,0.62,0.85,11,14,7,1,2,0,True,False,True,"[0 0 2 2 2 2 2 2 2 0 0 0 0 0 0 1 1 0 0 1 0 0 2 2 2 0 0 2 2 2 0 2 0 2 0 0 0
 0]","[1 0 0 0 1 0 0 1 1 0 0 1 1 0 0 1 0 1 1 0 1 0 0 1 1 0 0 1 1 0 0 0 1 0 1 1 0
 0]","[0.191    0.108    0.208    0.7      0.4      0.225    0.292    0.225
 0.125    0.2      0.141    0.108    0.233    0.258    0.267    0.291
 0.417    0.233    0.342    0.592    0.125    0.242    0.375    0.266
 0.091    0.208    0.292    0.2      0.141    0.166    0.233    0.308
 0.634    0.158    0.208    0.317    0.467    0.110219]",0,sb_int-multiplicative_comp-vsmean_gbatt-true_gbalt-true_lk-gaze-dependent_inh-none,0
7789,37,2,140,filler,,L,2,,12520.0,0.16,0.46,0.87,62,21,11,2,1,0,False,True,False,[2 2 2 2 2 2 2 1 1 1 1 1 1 0 0 0 0 0 0 1 1 2 0 0 2 2 2 1 1 1 1 1 1 1 1 2],[1 1 0 1 1 0 0 0 0 1 1 0 0 0 1 1 0 0 1 0 1 1 0 1 1 0 0 0 0 1 0 0 1 1 0 1],"[0.25    0.183   0.375   0.166   0.525   0.183   0.484   0.25    0.25
 0.342   0.358   0.283   0.4     0.433   0.158   0.584   0.25    0.492
 0.175   0.283   0.358   0.308   0.292   0.3     0.45    0.116   0.342
 0.25    0.233   0.3     0.108   0.417   0.091   0.225   0.267   0.23432]",2,sb_int-multiplicative_comp-vsmean_gbatt-true_gbalt-true_lk-gaze-dependent_inh-none,0
7790,37,2,141,compromise,A,L,2,decoy,7050.0,0.75,0.65,0.85,11,15,8,2,1,0,False,True,True,[2 2 2 1 1 1 1 1 1 0 0 0 0 2 2 2 2 0 0 2 2 2 0 0 0],[0 1 1 0 0 1 1 0 0 1 0 1 1 0 1 1 0 0 1 1 0 0 1 1 0],"[0.375    0.166    0.191    0.242    0.141    0.1      0.433    0.158
 0.267    0.25     0.392    0.308    0.116    0.266    0.175    0.166
 0.258    0.425    0.375    0.208    0.558    0.175    0.283    0.125
 0.057131]",0,sb_int-multiplicative_comp-vsmean_gbatt-true_gbalt-true_lk-gaze-dependent_inh-none,0
7791,37,2,142,compromise,B,M,2,decoy,14400.0,0.72,0.68,0.58,11,14,20,2,0,1,False,False,True,"[1 1 1 1 2 2 0 0 0 0 0 0 1 2 1 1 0 0 0 1 1 0 0 0 0 0 0 0 1 1 1 0 1 1 2 2 2
 2 1 2 2 1 1 2 2]","[1 0 0 1 1 0 0 1 1 0 1 1 0 0 1 1 0 0 1 0 0 1 1 0 0 1 0 1 0 1 1 0 1 1 0 1 1
 0 0 0 1 1 1 1 0]","[0.275    0.45     0.492    0.191    0.2      0.709    0.175    0.25
 0.275    0.483    0.133    0.225    0.425    0.141    0.158    0.275
 0.258    0.141    0.383    0.425    0.4      0.091    0.125    0.191
 0.191    0.225    0.3      0.517    0.2      0.125    0.141    0.4
 0.233    0.191    0.433    0.116    0.25     0.333    0.517    0.175
 0.216    0.108    0.367    0.208    0.437363]",2,sb_int-multiplicative_comp-vsmean_gbatt-true_gbalt-true_lk-gaze-dependent_inh-none,0
7792,37,2,143,compromise,A,M,0,target,8360.0,0.78,0.65,0.82,11,14,8,1,0,2,False,False,True,[1 1 1 1 1 0 1 0 0 0 1 0 0 0 0 1 1 0 2 2 2 2 0 0 0 0 2 2 2 2 0 0 0],[1 1 0 0 1 1 0 0 1 1 1 1 1 0 0 0 1 1 0 1 0 0 1 0 0 1 1 1 0 0 0 1 1],"[0.083    0.266    0.183    0.175    0.308    0.225    0.141    0.216
 0.267    0.083    0.141    0.108    0.158    0.233    0.158    0.267
 0.3      0.291    0.308    0.425    0.183    0.125    0.108    0.183
 0.158    0.458    0.25     0.358    0.15     0.208    0.283    0.091
 0.091431]",0,sb_int-multiplicative_comp-vsmean_gbatt-true_gbalt-true_lk-gaze-dependent_inh-none,0
7793,37,2,144,filler,,R,0,,7980.0,0.19,0.59,0.81,52,16,12,2,1,0,False,True,True,[2 2 2 2 2 2 2 2 2 2 1 1 1 1 1 2 1 1 0 0 0 0 0 0 0 1 0],[0 0 1 1 0 0 1 1 0 0 0 1 1 0 0 1 0 0 1 1 1 0 0 1 1 0 0],"[0.183    0.308    0.083    0.567    0.116    0.358    0.158    0.342
 0.091    0.133    0.208    0.425    0.392    0.091    0.392    0.575
 0.166    0.125    0.1      0.125    0.383    0.35     0.2      0.367
 0.292    0.258    0.300075]",0,sb_int-multiplicative_comp-vsmean_gbatt-true_gbalt-true_lk-gaze-dependent_inh-none,0
7794,37,2,145,attraction,A,L,0,target,12360.0,0.75,0.65,0.73,10,15,9,0,2,1,True,False,True,"[0 0 0 0 0 2 0 0 0 2 2 0 0 0 0 0 0 2 2 2 0 0 0 2 2 1 1 1 1 1 0 0 1 1 0 0 2
 0 0 0 1 0]","[0 0 1 0 0 1 1 1 0 0 1 1 1 0 0 0 1 0 0 1 0 0 1 0 0 1 0 0 1 1 0 1 0 1 0 0 0
 0 0 1 0 0]","[0.141    0.242    0.492    0.2      0.242    0.191    0.367    0.383
 0.392    0.392    0.158    0.091    0.433    0.208    0.225    0.333
 0.333    0.1      0.3      0.433    0.083    0.225    0.25     0.108
 0.175    0.283    0.2      0.2      0.125    0.233    0.192    0.358
 0.358    0.166    0.208    0.133    0.116    0.208    0.283    0.383
 0.492    0.140726]",0,sb_int-multiplicative_comp-vsmean_gbatt-true_gbalt-true_lk-gaze-dependent_inh-none,0
7795,37,2,146,attraction,B,M,1,target,8590.0,0.72,0.65,0.63,11,14,13,2,1,0,False,True,True,[2 2 2 2 1 1 1 1 2 2 2 1 2 1 1 0 1 0 0 0 0 1 1 0 1 1 1],[0 1 1 0 0 1 0 0 1 0 0 1 1 0 1 0 0 1 0 1 1 0 1 0 1 0 0],"[0.283    0.175    0.2      0.4      0.225    0.367    0.258    0.175
 0.242    0.2      0.642    0.183    0.333    0.266    0.4      0.267
 0.133    0.275    0.542    0.183    0.141    0.367    0.275    0.291
 0.108    0.133    0.183416]",1,sb_int-multiplicative_comp-vsmean_gbatt-true_gbalt-true_lk-gaze-dependent_inh-none,0
7796,37,2,147,compromise,A,M,1,competitor,8770.0,0.72,0.68,0.82,11,15,7,2,1,0,True,True,False,[2 2 2 2 2 1 1 1 2 1 1 1 0 0 0 0 0 2 2 2 2 0 0 0 0 0 1 1 1 1 1 1],[1 0 0 1 1 0 0 1 0 1 0 0 0 1 1 0 0 1 0 0 1 1 1 0 0 0 1 1 0 1 1 0],"[0.525 0.2   0.166 0.116 0.108 0.183 0.133 0.392 0.325 0.166 0.15  0.292
 0.25  0.233 0.133 0.342 0.216 0.158 0.258 0.584 0.225 0.166 0.183 0.15
 0.158 0.2   0.083 0.625 0.208 0.083 0.383 0.242]",1,sb_int-multiplicative_comp-vsmean_gbatt-true_gbalt-true_lk-gaze-dependent_inh-none,0
7797,37,2,148,compromise,A,M,2,decoy,5320.0,0.75,0.62,0.88,11,15,7,0,2,1,True,True,True,[0 0 0 0 2 2 2 1 1 1 2 2 0 2 2 2 1 1],[0 1 0 0 0 1 0 0 0 1 1 1 1 1 0 0 0 0],"[0.325    0.467    0.166    0.208    0.091    0.367    0.392    0.208
 0.083    0.425    0.1      0.266    0.367    0.15     0.208    0.15
 0.292    0.177662]",2,sb_int-multiplicative_comp-vsmean_gbatt-true_gbalt-true_lk-gaze-dependent_inh-none,0
7798,37,2,149,filler,,M,2,,8010.0,0.28,0.67,0.78,35,14,12,2,0,1,False,True,False,[1 1 1 1 2 2 2 0 1 2 2 0 0 0 0 0 0 0 0 2 2 2 2 0 0 2 2 2 1],[0 0 1 0 1 0 0 0 1 0 0 1 1 1 0 0 1 1 0 1 1 0 0 1 1 1 1 1 0],"[0.15     0.25     0.417    0.275    0.283    0.225    0.25     0.108
 0.45     0.233    0.091    0.1      0.233    0.258    0.158    0.425
 0.25     0.241    0.392    0.192    0.417    0.175    0.183    0.1
 0.325    0.217    0.175    0.233    0.117724]",2,sb_int-multiplicative_comp-vsmean_gbatt-true_gbalt-true_lk-gaze-dependent_inh-none,0
7799,37,2,150,attraction,B,M,1,target,10150.0,0.78,0.68,0.66,10,14,13,2,1,0,True,True,False,[2 2 2 2 2 2 2 2 1 1 1 2 1 1 1 1 1 0 0 0 0 1 0 1 0 1 1],[1 1 0 1 1 1 0 0 0 1 1 0 1 0 0 1 0 1 1 0 0 1 1 0 0 0 0],"[0.175    0.25     0.25     0.225    0.233    0.2      0.233    0.267
 0.942    0.233    0.559    0.308    0.166    0.3      0.267    0.4
 0.266    0.3      0.2      0.367    0.233    0.442    0.283    0.291
 0.525    0.208    0.812426]",1,sb_int-multiplicative_comp-vsmean_gbatt-true_gbalt-true_lk-gaze-dependent_inh-none,0
7800,37,3,151,attraction,B,L,0,competitor,11730.0,0.78,0.65,0.63,11,15,14,0,2,1,False,True,False,"[2 0 0 0 2 0 0 0 0 0 2 2 2 0 2 0 2 2 1 1 1 2 1 1 1 0 0 0 1 1 0 0 0 0 1 0 0
 0]","[1 1 0 1 1 0 0 1 1 0 1 1 0 1 0 0 1 1 0 1 0 0 0 1 0 1 0 1 0 0 1 1 0 0 1 0 1
 1]","[0.125 0.166 0.175 0.208 0.2   0.525 0.3   0.208 0.283 0.233 0.233 0.125
 0.333 0.525 0.125 0.35  0.191 0.1   0.191 0.283 0.35  0.4   0.542 0.459
 0.25  0.183 0.141 0.425 0.191 0.291 0.1   0.308 0.183 0.116 0.317 0.175
 0.116 0.2  ]",0,sb_int-multiplicative_comp-vsmean_gbatt-true_gbalt-true_lk-gaze-dependent_inh-none,0
7801,37,3,152,attraction,B,R,0,competitor,22370.0,0.78,0.65,0.63,10,15,14,2,0,1,False,False,True,"[1 1 1 1 2 2 2 2 1 1 1 2 2 1 0 0 0 0 0 0 0 0 0 1 1 0 0 0 0 1 1 0 1 1 0 0 0
 1 1 0 0 1 0 1 1 1 1 1 0 0 1 1 0 1 1 2 2 0 0 0 0 1 1 1 0]","[1 1 0 0 0 1 0 0 0 0 1 1 1 0 1 1 0 0 1 1 0 0 1 1 1 0 0 1 1 0 0 1 0 0 1 1 1
 0 1 0 0 1 1 1 1 0 1 1 1 0 1 1 1 1 0 0 0 1 1 0 1 0 0 1 0]","[0.358 0.1   0.108 0.492 0.367 0.25  0.141 0.333 0.116 0.35  0.125 0.208
 0.083 0.417 0.175 0.233 0.116 0.242 0.358 0.158 0.116 0.217 0.542 0.241
 0.65  0.166 0.342 0.133 0.325 0.266 0.133 0.483 0.15  0.45  0.108 0.091
 0.15  0.417 0.392 0.175 0.158 0.175 0.216 0.901 0.417 0.525 0.091 0.233
 0.617 0.241 0.183 0.191 0.55  0.208 0.383 0.1   0.116 0.292 1.46  0.417
 0.408 0.2   0.291 0.283 0.2  ]",1,sb_int-multiplicative_comp-vsmean_gbatt-true_gbalt-true_lk-gaze-dependent_inh-none,0
7802,37,3,153,compromise,A,L,0,target,21030.0,0.78,0.62,0.85,11,14,7,0,1,2,False,True,True,"[0 0 0 0 0 0 1 1 0 0 1 2 1 1 1 0 0 1 1 1 0 1 2 2 2 2 0 0 2 2 2 0 2 2 0 2 0
 0 0 1 1 1 1 0 0 0 0 1 1 1 1 1 1 0 0 1 0 0 0 1 1 1 0 1 0 0 0]","[1 1 0 0 1 1 0 1 1 0 0 0 0 1 0 1 1 0 0 0 0 0 0 0 1 0 1 1 1 0 0 0 0 0 0 1 1
 1 0 0 0 1 0 1 1 0 1 1 1 0 0 0 0 0 1 1 1 0 0 0 1 1 1 0 0 0 1]","[0.158    0.267    0.417    0.183    0.125    0.158    0.2      0.367
 0.267    0.317    0.108    0.3      0.467    0.483    0.35     0.25
 0.133    0.208    0.166    0.3      0.442    0.15     0.25     0.283
 0.45     0.392    0.083    0.358    0.317    0.292    0.241    0.258
 0.15     0.675    0.233    0.408    0.15     0.4      0.358    0.141
 0.266    0.475    0.2      0.1      0.133    0.183    0.225    0.108
 0.509    0.216    0.158    0.375    0.267    0.367    0.283    0.5
 0.258    0.292    0.1      0.392    0.25     0.158    0.116    0.258
 0.1      0.1      0.175639]",0,sb_int-multiplicative_comp-vsmean_gbatt-true_gbalt-true_lk-gaze-dependent_inh-none,0
7803,37,3,154,filler,,M,2,,5320.0,0.32,0.6,0.78,31,16,12,0,2,1,False,False,True,[0 0 0 0 2 2 2 2 2 2 1 1 1 1 2 2 1 2 2],[1 0 0 1 0 1 1 0 0 1 0 1 0 0 0 1 1 0 0],"[0.358   0.225   0.233   0.383   0.333   0.175   0.25    0.241   0.1
 0.308   0.158   0.4     0.108   0.208   0.258   0.208   0.408   0.275
 0.12082]",2,sb_int-multiplicative_comp-vsmean_gbatt-true_gbalt-true_lk-gaze-dependent_inh-none,0
7804,37,3,155,attraction,B,R,0,competitor,6270.0,0.72,0.62,0.6,11,15,14,2,0,1,True,False,False,[2 1 1 1 1 2 2 1 1 2 2 0 0 0 0 1 1 0 0 1 0 0],[1 0 0 0 1 0 1 1 0 1 1 0 1 1 0 1 1 0 1 0 1 0],"[0.2      0.116    0.108    0.15     0.317    0.317    0.2      0.342
 0.191    0.2      0.1      0.408    0.241    0.083    0.258    0.2
 0.283    0.308    0.2      0.358    0.183    0.189975]",0,sb_int-multiplicative_comp-vsmean_gbatt-true_gbalt-true_lk-gaze-dependent_inh-none,0
7805,37,3,156,compromise,A,M,0,target,8830.0,0.78,0.68,0.82,11,15,8,1,2,0,False,True,True,[2 2 2 2 0 0 0 0 2 0 2 0 0 1 1 1 2 0 1 1 0 0 2 2 1 1 1 1 1 0 0 0],[0 1 0 1 1 1 0 0 1 0 1 1 1 0 0 1 0 1 1 1 0 0 1 1 1 1 0 0 1 0 1 1],"[0.3      0.375    0.3      0.166    0.1      0.241    0.091    0.141
 0.425    0.7      0.392    0.275    0.208    0.091    0.166    0.108
 0.225    0.291    0.308    0.141    0.125    0.392    0.191    0.116
 0.225    0.108    0.183    0.417    0.158    0.166    0.083    0.248949]",0,sb_int-multiplicative_comp-vsmean_gbatt-true_gbalt-true_lk-gaze-dependent_inh-none,0
7806,37,3,157,attraction,A,R,0,target,12730.0,0.78,0.68,0.76,10,15,9,2,1,0,False,True,True,"[1 2 2 1 1 1 1 2 1 1 2 1 2 2 1 1 2 1 1 0 2 0 2 2 0 0 2 2 2 0 1 1 1 0 0 0 1
 1 1]","[0 0 1 0 0 1 1 0 1 1 0 1 0 0 1 0 1 0 0 1 0 0 0 0 1 1 0 1 1 1 0 1 1 0 1 1 0
 0 0]","[0.108    0.467    0.225    0.091    0.116    0.141    0.317    0.367
 0.158    0.433    0.483    0.784    0.125    0.342    0.567    0.325
 0.459    0.216    0.592    0.642    0.342    0.467    0.133    0.091
 0.116    0.141    0.325    0.183    0.125    0.283    0.475    0.125
 0.25     0.483    0.108    0.133    0.15     0.183    0.045664]",1,sb_int-multiplicative_comp-vsmean_gbatt-true_gbalt-true_lk-gaze-dependent_inh-none,0
7807,37,3,158,compromise,A,R,0,target,9590.0,0.78,0.65,0.82,11,14,8,2,1,0,True,True,True,[2 2 2 1 1 2 2 1 1 1 1 0 0 1 1 0 2 0 0 2 0 0 0 2 2 2 2 2 0 0 0 2 0],[0 0 1 1 0 0 0 0 0 1 1 1 0 0 1 1 1 0 0 0 0 0 0 0 0 1 1 1 1 0 1 1 1],"[0.158    0.625    0.166    0.342    0.141    0.1      0.141    0.25
 0.1      0.267    0.2      0.308    0.45     0.25     0.183    0.191
 0.325    0.559    0.1      0.35     0.15     0.333    0.141    0.25
 0.2      0.125    0.317    0.166    0.592    0.266    0.083    0.367
 0.036875]",0,sb_int-multiplicative_comp-vsmean_gbatt-true_gbalt-true_lk-gaze-dependent_inh-none,0
7808,37,3,159,compromise,A,L,0,target,9560.0,0.78,0.68,0.85,10,15,7,0,1,2,False,False,True,[0 0 0 0 0 0 0 0 1 1 0 0 1 1 0 2 2 2 1 1 0 2 2 0 2 0 0 0 0],[1 1 1 0 1 1 0 1 1 0 0 1 1 1 1 1 0 0 0 0 0 0 0 1 1 1 1 1 1],"[0.141    0.125    0.2      0.216    0.158    0.258    0.325    0.225
 0.884    0.258    0.258    0.175    0.116    0.292    0.442    0.191
 0.4      0.25     0.116    0.108    0.375    0.233    0.208    0.133
 0.55     0.166    1.201    0.15     0.341826]",0,sb_int-multiplicative_comp-vsmean_gbatt-true_gbalt-true_lk-gaze-dependent_inh-none,0
7809,37,3,160,attraction,A,L,0,target,10670.0,0.78,0.62,0.76,11,14,10,0,1,2,False,False,False,"[0 0 0 0 0 0 1 1 2 2 2 1 1 1 0 0 0 0 1 1 1 1 0 0 1 0 2 2 0 2 2 2 0 0 0 2 0
 0 0]","[1 1 0 1 0 0 1 1 1 1 1 1 1 0 0 1 0 0 0 1 1 1 1 1 1 1 1 1 1 0 0 1 1 0 0 0 1
 1 1]","[0.125    0.208    0.158    0.283    0.242    0.15     0.125    0.308
 0.083    0.2      0.116    0.133    0.509    0.35     0.183    0.175
 0.141    0.217    0.317    0.091    0.158    0.15     0.15     0.175
 0.517    0.158    0.267    0.333    0.508    0.191    0.125    0.266
 0.35     0.225    0.091    0.258    0.091    0.358    0.361673]",0,sb_int-multiplicative_comp-vsmean_gbatt-true_gbalt-true_lk-gaze-dependent_inh-none,0
7810,37,3,161,attraction,B,M,0,competitor,6880.0,0.72,0.62,0.6,11,15,14,1,2,0,True,True,True,[2 2 2 2 2 2 2 0 0 0 2 2 0 0 0 2 0 0 0 1 1 1 0 0 0 0],[0 0 1 0 0 0 1 1 0 0 0 0 0 1 1 1 1 0 0 0 0 1 1 1 0 0],"[0.191    0.083    0.292    0.1      0.125    0.45     0.308    0.325
 0.216    0.166    0.116    0.208    0.166    0.2      0.133    0.367
 0.241    0.208    0.116    0.091    0.2      0.383    0.492    0.292
 0.208    0.106224]",0,sb_int-multiplicative_comp-vsmean_gbatt-true_gbalt-true_lk-gaze-dependent_inh-none,0
7811,37,3,162,attraction,B,L,0,competitor,7290.0,0.72,0.62,0.6,10,15,14,0,2,1,False,True,True,[0 0 0 0 0 2 2 0 0 2 2 2 1 1 1 1 1 1 0 0 0 1 1 1 0 0 0],[1 0 0 1 1 0 1 1 0 0 0 1 1 0 0 1 0 1 1 1 0 0 0 1 1 1 0],"[0.342    0.258    0.15     0.108    0.083    0.125    0.433    0.216
 0.183    0.183    0.158    0.333    0.342    0.258    0.191    0.267
 0.208    0.158    0.283    0.175    0.2      0.183    0.425    0.358
 0.1      0.242    0.325911]",1,sb_int-multiplicative_comp-vsmean_gbatt-true_gbalt-true_lk-gaze-dependent_inh-none,0
7812,37,3,163,attraction,A,M,0,target,14220.0,0.75,0.65,0.73,11,14,10,1,0,2,True,False,True,"[1 1 1 0 0 0 0 1 0 0 1 0 0 1 0 2 2 0 0 2 2 0 2 0 0 1 1 1 1 1 0 0 0 1 1 0 0
 0 2 2 0 0 2 0 0 0 0 0 0 2]","[1 0 0 0 0 1 1 1 0 0 0 1 1 1 1 0 1 0 0 1 0 0 0 1 0 0 1 1 0 0 0 1 1 1 1 0 1
 0 0 0 1 0 1 0 1 1 0 1 1 0]","[0.133 0.125 0.091 0.116 0.208 0.216 0.141 0.266 0.133 0.233 0.225 0.133
 0.175 0.408 0.258 0.283 0.333 0.584 0.158 0.367 0.125 0.25  0.158 0.233
 0.458 0.383 0.158 0.459 0.283 0.158 0.484 0.258 0.116 0.175 0.317 0.242
 0.191 0.25  0.625 0.183 0.317 0.225 0.342 0.275 0.183 0.083 0.25  0.208
 0.108 0.208]",0,sb_int-multiplicative_comp-vsmean_gbatt-true_gbalt-true_lk-gaze-dependent_inh-none,0
7813,37,3,164,attraction,B,L,0,competitor,8610.0,0.78,0.62,0.6,10,15,14,0,1,2,True,True,False,[0 0 0 0 1 0 0 0 1 2 2 2 2 1 1 2 2 1 1 1 1 0 0 1 0 0 1],[0 0 1 0 1 1 1 0 0 1 0 1 1 1 1 0 0 0 1 1 0 0 1 1 1 0 0],"[0.342    0.141    0.408    0.275    0.342    0.225    0.225    0.225
 0.3      0.25     0.325    0.083    0.325    0.192    0.125    0.2
 0.1      0.517    0.383    0.183    0.275    0.325    0.433    0.333
 0.325    0.241    0.146473]",0,sb_int-multiplicative_comp-vsmean_gbatt-true_gbalt-true_lk-gaze-dependent_inh-none,0
7814,37,3,165,compromise,A,M,2,decoy,9070.0,0.78,0.68,0.88,11,15,7,2,0,1,False,False,True,[1 1 1 1 2 2 1 1 2 0 0 2 2 0 0 0 2 2 2 0 0 2 2 0 0 2 0 2 2],[1 1 0 0 0 1 1 0 0 1 0 1 1 0 1 1 0 0 1 0 0 0 0 1 1 0 1 1 0],"[0.116    0.308    0.15     0.216    0.392    0.408    0.483    0.433
 0.191    0.283    0.283    0.233    0.242    0.25     0.183    0.1
 0.233    0.175    0.934    0.208    0.275    0.133    0.191    0.158
 0.125    0.225    0.141    0.258    0.270287]",2,sb_int-multiplicative_comp-vsmean_gbatt-true_gbalt-true_lk-gaze-dependent_inh-none,0
7815,37,3,166,compromise,B,M,0,competitor,5550.0,0.75,0.62,0.58,11,14,19,1,0,2,False,True,False,[1 1 1 1 1 0 0 1 0 1 0 2 0 0 0 1],[0 1 1 0 0 0 1 1 0 0 0 1 0 1 1 1],"[0.258    0.208    0.308    0.116    0.242    0.4      0.358    0.25
 0.183    0.333    0.775    0.375    0.2      0.25     0.175    0.153477]",1,sb_int-multiplicative_comp-vsmean_gbatt-true_gbalt-true_lk-gaze-dependent_inh-none,0
7816,37,3,167,filler,,R,2,,9200.0,0.27,0.61,0.89,37,16,11,0,1,2,False,True,True,[0 0 0 0 0 1 1 1 0 0 1 1 1 1 2 2 1 0 1 1 0 0 1 1 2 2 2 2 2 2 1],[1 0 0 1 0 0 0 1 1 1 1 0 0 0 0 0 0 0 0 0 0 0 0 0 0 0 1 1 0 0 0],"[0.191 0.15  0.1   0.676 0.325 0.25  0.1   0.767 0.216 0.125 0.091 0.2
 0.125 0.241 0.2   0.266 0.292 0.65  0.15  0.258 0.225 0.275 0.191 0.175
 0.55  0.116 0.216 0.183 0.217 0.225 0.2  ]",2,sb_int-multiplicative_comp-vsmean_gbatt-true_gbalt-true_lk-gaze-dependent_inh-none,0
7817,37,3,168,attraction,B,L,0,competitor,9830.0,0.78,0.65,0.63,11,15,14,0,2,1,True,True,True,"[0 0 0 2 1 1 2 0 0 0 2 0 2 2 2 2 0 1 2 0 0 1 1 1 2 2 2 0 1 1 1 2 1 1 0 0 2
 1 0 0 0]","[0 1 1 1 1 1 0 0 0 0 0 1 1 1 0 0 0 0 0 1 1 1 1 0 1 0 0 0 0 1 1 1 1 0 0 0 1
 1 1 1 0]","[0.158 0.158 0.166 0.241 0.083 0.15  0.116 0.141 0.083 0.125 0.225 0.367
 0.183 0.575 0.116 0.125 0.225 0.1   0.241 0.166 0.125 0.208 0.166 0.125
 0.483 0.192 0.225 0.158 0.55  0.091 0.241 0.375 0.158 0.275 0.083 0.141
 0.175 0.166 0.433 0.175 0.166]",0,sb_int-multiplicative_comp-vsmean_gbatt-true_gbalt-true_lk-gaze-dependent_inh-none,0
7818,37,3,169,attraction,B,M,0,competitor,3180.0,0.78,0.62,0.6,10,14,13,1,2,0,True,True,False,[2 2 2 0 0 0 0 2 0 1 1 0 0],[1 1 0 0 0 1 1 1 0 0 1 0 1],"[0.125    0.217    0.367    0.225    0.116    0.25     0.166    0.2
 0.258    0.175    0.308    0.258    0.040784]",0,sb_int-multiplicative_comp-vsmean_gbatt-true_gbalt-true_lk-gaze-dependent_inh-none,0
7819,37,3,170,attraction,B,M,0,competitor,6830.0,0.78,0.68,0.66,10,14,13,1,2,0,True,False,False,[2 2 2 0 0 0 2 2 2 0 2 0 0 0 0 2 1 1 0 0 0 1 1],[1 0 0 1 1 0 1 0 0 1 0 0 0 1 1 0 1 0 0 0 1 0 1],"[0.367 0.191 0.15  0.175 0.275 0.2   0.342 0.267 0.183 0.208 0.292 0.584
 0.116 0.2   0.208 0.091 0.358 0.358 0.4   0.25  0.308 0.15  0.225]",0,sb_int-multiplicative_comp-vsmean_gbatt-true_gbalt-true_lk-gaze-dependent_inh-none,0
7820,37,3,171,filler,,L,2,,9740.0,0.27,0.47,0.86,37,21,11,2,1,0,True,False,True,[2 2 2 2 2 2 1 1 1 1 2 2 2 2 0 0 0 0 1 1 0 0 1 1 1 2 2 2 2 2 2],[0 0 1 1 0 0 0 1 1 0 0 1 0 0 0 0 0 1 1 1 0 0 0 0 0 0 0 1 1 0 0],"[0.275    0.091    0.15     0.3      0.141    0.192    0.283    0.267
 0.275    0.45     0.208    0.258    0.15     0.125    0.2      0.417
 0.308    0.442    0.158    0.425    0.2      0.383    0.1      0.116
 0.1      0.158    0.525    0.375    0.175    0.1      0.459049]",2,sb_int-multiplicative_comp-vsmean_gbatt-true_gbalt-true_lk-gaze-dependent_inh-none,0
7821,37,3,172,compromise,B,L,2,decoy,11420.0,0.72,0.62,0.58,10,14,19,2,1,0,True,True,True,[2 2 2 2 2 2 2 1 1 1 2 1 1 2 1 1 0 0 1 1 2 2 1 1 0 1 2 2 1 2 2 2 2 1],[0 1 0 1 0 0 1 1 0 0 0 0 1 1 1 1 1 0 0 0 0 0 0 0 1 1 1 1 1 0 0 1 1 1],"[0.225    0.458    0.308    0.342    0.15     0.55     0.375    0.342
 0.25     0.141    0.5      0.175    0.308    0.55     0.175    0.258
 0.625    0.275    0.308    0.15     0.158    0.166    0.333    0.208
 0.183    0.4      0.275    0.6      0.141    0.158    0.308    0.141
 0.141    0.095647]",2,sb_int-multiplicative_comp-vsmean_gbatt-true_gbalt-true_lk-gaze-dependent_inh-none,0
7822,37,3,173,attraction,B,R,0,competitor,9240.0,0.72,0.62,0.6,11,14,13,2,0,1,False,False,True,[1 1 2 2 1 1 1 2 2 1 1 2 2 2 2 0 0 0 1 1 1 1 0 0 1 1 1 1 0 0 0 0 0],[1 1 1 1 1 1 0 0 0 0 1 0 1 0 0 1 1 0 1 1 0 1 0 0 1 1 0 0 0 0 1 1 0],"[0.283    0.4      0.358    0.3      0.316    0.125    0.233    0.116
 0.242    0.342    0.342    0.175    0.242    0.108    0.275    0.242
 0.25     0.191    0.233    0.1      0.241    0.225    0.175    0.166
 0.358    0.141    0.083    0.459    0.191    0.208    0.283    0.225
 0.097346]",0,sb_int-multiplicative_comp-vsmean_gbatt-true_gbalt-true_lk-gaze-dependent_inh-none,0
7823,37,3,174,attraction,A,M,0,target,9360.0,0.75,0.65,0.73,11,15,10,1,0,2,True,True,False,[1 1 1 0 0 0 1 1 0 0 1 0 2 2 2 0 2 2 2 0 2 0 0 0 2 0 0 1 1 1 1 0 0 1],[0 0 1 1 0 0 0 0 0 0 1 1 0 1 1 1 1 1 0 0 1 1 0 0 0 1 0 0 0 1 0 0 0 0],"[0.342    0.1      0.375    0.35     0.275    0.116    0.15     0.116
 0.091    0.091    0.266    0.158    0.183    0.191    0.241    0.492
 0.408    0.158    0.233    0.367    0.317    0.183    0.183    0.292
 0.2      0.517    0.091    0.325    0.141    0.358    0.25     0.1
 0.241    0.043798]",0,sb_int-multiplicative_comp-vsmean_gbatt-true_gbalt-true_lk-gaze-dependent_inh-none,0
7824,37,3,175,attraction,A,R,1,competitor,13190.0,0.72,0.65,0.7,10,14,9,0,2,1,False,False,False,"[0 0 0 0 2 2 0 1 1 1 0 0 1 1 2 1 1 1 1 2 0 0 2 0 0 2 2 1 1 0 0 0 2 2 2 2 0
 0 1 1 1 0 1]","[1 1 0 0 1 1 1 1 1 1 1 1 1 1 1 1 0 1 1 1 1 1 1 0 0 0 0 0 0 0 0 1 1 0 0 1 1
 1 1 1 0 0 1]","[0.141    0.258    0.267    0.1      0.208    0.133    0.258    0.108
 0.901    0.367    0.166    0.158    0.166    0.217    0.275    0.233
 0.241    0.266    1.293    0.208    0.275    0.225    0.141    0.283
 0.141    0.133    0.208    0.558    0.141    0.091    0.166    0.275
 0.408    0.267    0.25     0.242    0.2      0.308    0.091    0.533
 0.258    0.2      0.213768]",1,sb_int-multiplicative_comp-vsmean_gbatt-true_gbalt-true_lk-gaze-dependent_inh-none,0
7825,37,3,176,filler,,L,2,,6930.0,0.19,0.59,0.81,52,16,12,1,2,0,True,True,False,[2 2 2 0 2 1 2 2 0 0 0 0 1 1 1 1 1 2 2],[1 1 0 0 0 1 1 1 1 1 0 0 0 0 1 0 0 1 0],"[0.25     0.4      0.458    0.5      0.191    0.433    0.191    0.15
 0.166    0.408    0.367    0.116    0.308    0.692    0.5      0.1
 0.208    0.392    0.248588]",2,sb_int-multiplicative_comp-vsmean_gbatt-true_gbalt-true_lk-gaze-dependent_inh-none,0
7826,37,3,177,attraction,B,L,0,competitor,8350.0,0.75,0.62,0.6,10,15,14,0,1,2,False,True,True,[0 1 0 0 0 0 0 1 1 1 0 1 1 2 2 1 1 1 2 0 0 0 0 0 1 0 0 0 0],[1 0 0 0 1 1 0 0 0 1 1 0 0 0 1 1 1 0 0 1 0 0 1 1 1 1 1 0 1],"[0.233 0.158 0.25  0.1   0.1   0.308 0.3   0.367 0.083 0.392 0.383 0.242
 0.283 0.275 0.275 0.116 0.133 0.175 0.141 0.425 0.191 0.158 0.141 0.283
 0.317 0.225 0.175 0.467 0.241]",0,sb_int-multiplicative_comp-vsmean_gbatt-true_gbalt-true_lk-gaze-dependent_inh-none,0
7827,37,3,178,compromise,A,L,1,competitor,11160.0,0.72,0.65,0.82,11,15,7,2,0,1,False,True,True,"[1 1 2 2 2 1 2 0 0 0 2 2 2 2 1 1 1 2 2 1 2 0 0 0 0 0 2 1 1 1 0 0 1 0 1 0 0
 1]","[0 1 0 1 1 0 0 1 1 0 0 0 1 0 0 1 0 1 1 1 0 1 1 0 1 1 0 0 0 1 0 0 1 1 0 1 1
 0]","[0.367   0.158   0.375   0.275   0.191   0.317   0.258   0.083   0.116
 0.367   0.125   0.192   0.442   0.35    0.133   0.458   0.709   0.2
 0.183   0.191   0.358   0.091   0.3     0.35    0.083   0.183   0.216
 0.108   0.175   0.367   0.225   0.108   0.233   0.1     0.292   0.183
 0.2     0.04375]",0,sb_int-multiplicative_comp-vsmean_gbatt-true_gbalt-true_lk-gaze-dependent_inh-none,0
7828,37,3,179,attraction,A,L,1,competitor,10280.0,0.72,0.68,0.7,10,14,9,2,0,1,False,False,True,[1 1 1 2 2 2 1 1 1 1 1 0 2 2 2 1 1 0 0 0 0 2 2 0 0 2 0 0 1 1 1 1 2 1 1 1 1],[1 1 0 0 1 1 0 1 1 1 0 0 1 0 0 0 0 0 1 0 0 1 0 1 1 0 0 1 1 1 0 1 0 1 1 0 1],"[0.133    0.283    0.35     0.292    0.241    0.233    0.133    0.1
 0.266    0.158    0.483    0.133    0.25     0.183    0.15     0.108
 0.342    0.267    0.358    0.141    0.375    0.133    0.183    0.091
 0.183    0.15     0.358    0.459    0.083    0.2      0.367    0.408
 0.15     0.25     0.141    0.392    0.057335]",1,sb_int-multiplicative_comp-vsmean_gbatt-true_gbalt-true_lk-gaze-dependent_inh-none,0
7829,37,3,180,attraction,A,R,1,competitor,5210.0,0.72,0.62,0.7,11,15,10,0,2,1,False,True,False,[0 0 2 2 0 1 1 1 0 0 2 1 1 1 0 0 0],[1 0 1 1 0 1 1 0 1 1 0 0 1 1 0 1 0],"[0.158    0.35     0.325    0.392    0.25     0.266    0.158    0.333
 0.091    0.317    0.333    0.333    0.15     0.175    0.2      0.283
 0.194628]",0,sb_int-multiplicative_comp-vsmean_gbatt-true_gbalt-true_lk-gaze-dependent_inh-none,0
7830,37,3,181,attraction,A,L,1,competitor,11660.0,0.72,0.65,0.7,10,15,9,1,0,2,True,False,True,"[1 1 1 0 0 1 0 0 0 1 1 2 0 0 1 1 0 0 0 0 1 1 1 2 0 1 1 1 2 2 2 2 2 0 1 1 0
 0 2 0 0]","[1 1 0 0 0 0 0 1 1 1 1 0 0 0 0 0 0 0 1 1 1 1 0 0 0 0 0 1 0 0 1 1 0 0 1 1 1
 0 1 0 1]","[0.108    0.475    0.292    0.091    0.45     0.291    0.325    0.183
 0.091    0.183    0.158    0.158    0.208    0.183    0.191    0.166
 0.425    0.467    0.275    0.25     0.45     0.1      0.216    0.35
 0.217    0.292    0.275    0.158    0.108    0.216    0.175    0.442
 0.208    0.15     0.1      0.275    0.15     0.35     0.392    0.292
 0.086326]",0,sb_int-multiplicative_comp-vsmean_gbatt-true_gbalt-true_lk-gaze-dependent_inh-none,0
7831,37,3,182,compromise,B,L,0,competitor,7570.0,0.78,0.65,0.52,11,14,18,0,2,1,True,False,True,[0 0 0 0 0 2 1 1 1 2 0 0 2 2 2 2 0 0 2 1 1 1 1 1 0 0 0 0 1 1],[0 0 0 1 1 0 1 0 0 1 0 0 0 1 1 0 1 0 1 0 1 1 0 0 1 1 0 0 1 1],"[0.1      0.183    0.091    0.125    0.083    0.275    0.191    0.158
 0.125    0.258    0.108    0.325    0.183    0.241    0.166    0.433
 0.492    0.225    0.392    0.208    0.233    0.166    0.133    0.183
 0.325    0.35     0.2      0.083    0.191    0.187036]",1,sb_int-multiplicative_comp-vsmean_gbatt-true_gbalt-true_lk-gaze-dependent_inh-none,0
7832,37,3,183,filler,,R,2,,3500.0,0.32,0.48,0.85,31,20,11,1,0,2,False,True,False,[1 0 1 0 2 2 1 1],[1 1 0 0 1 0 1 0],[0.175   0.191   0.091   0.308   0.409   0.317   0.383   0.31507],2,sb_int-multiplicative_comp-vsmean_gbatt-true_gbalt-true_lk-gaze-dependent_inh-none,0
7833,37,3,184,attraction,A,M,0,target,6190.0,0.78,0.68,0.76,11,15,10,1,2,0,True,False,False,[2 0 2 2 2 0 1 1 0 0 0 2 2 0 2 2 0 2 1 1 1 0],[1 0 0 0 1 0 1 0 0 0 1 0 1 0 1 1 1 0 1 0 0 0],"[0.166    0.15     0.141    0.258    0.275    0.392    0.2      0.342
 0.108    0.233    0.3      0.258    0.283    0.375    0.108    0.2
 0.308    0.216    0.225    0.192    0.141    0.127251]",1,sb_int-multiplicative_comp-vsmean_gbatt-true_gbalt-true_lk-gaze-dependent_inh-none,0
7834,37,3,185,attraction,B,R,0,competitor,7790.0,0.75,0.65,0.63,10,14,13,2,1,0,True,False,False,[1 1 2 2 2 2 1 2 1 1 1 1 0 0 1 1 0 0 1 1 1 1 1 0 0 0 1 1],[1 1 1 0 1 1 0 0 1 1 0 1 0 0 0 1 0 1 0 0 1 0 1 0 1 1 0 1],"[0.15     0.166    0.233    0.308    0.25     0.116    0.225    0.275
 0.15     0.25     0.3      0.216    0.125    0.534    0.216    0.292
 0.358    0.325    0.275    0.091    0.267    0.133    0.325    0.342
 0.275    0.141    0.141    0.020825]",0,sb_int-multiplicative_comp-vsmean_gbatt-true_gbalt-true_lk-gaze-dependent_inh-none,0
7835,37,3,186,attraction,A,M,0,target,4170.0,0.72,0.65,0.7,11,15,10,1,0,2,True,False,False,[1 1 1 1 0 0 0 2 2 2 0 0 2 2 2 1],[1 1 1 0 0 1 1 0 1 1 0 1 0 0 1 0],"[0.267 0.316 0.091 0.191 0.333 0.233 0.208 0.141 0.158 0.125 0.25  0.333
 0.083 0.125 0.258 0.25 ]",1,sb_int-multiplicative_comp-vsmean_gbatt-true_gbalt-true_lk-gaze-dependent_inh-none,0
7836,37,3,187,attraction,A,R,0,target,10510.0,0.78,0.62,0.76,10,15,9,2,0,1,False,True,False,[1 1 1 1 1 1 1 1 1 2 1 2 2 2 2 1 1 0 0 2 0 0 2 2 0 0 0 1 0 1],[0 0 0 1 0 1 1 1 0 1 0 1 0 0 1 1 0 1 1 1 0 1 0 1 0 1 1 0 1 0],"[0.133 0.175 0.458 0.317 0.333 0.241 0.367 0.225 0.258 0.575 0.275 0.383
 0.375 0.116 0.192 0.475 0.408 0.166 0.133 0.317 0.375 0.383 0.3   0.225
 0.45  0.1   0.158 0.467 0.392 0.191]",0,sb_int-multiplicative_comp-vsmean_gbatt-true_gbalt-true_lk-gaze-dependent_inh-none,0
7837,37,3,188,attraction,A,M,1,competitor,9070.0,0.72,0.65,0.7,10,15,9,0,1,2,True,False,False,[1 0 0 0 1 1 1 2 2 2 2 0 0 0 0 2 2 2 0 1 1 1 0 1 1 0 1 1 1 1],[1 0 1 0 1 0 1 1 0 1 1 1 1 0 0 0 1 1 1 1 0 0 0 1 1 1 1 0 0 1],"[0.116    0.308    0.383    0.25     0.25     0.383    0.5      0.308
 0.433    0.308    0.6      0.183    0.108    0.25     0.141    0.216
 0.191    0.2      0.283    0.392    0.216    0.183    0.15     0.133
 0.175    0.291    0.183    0.233    0.15     0.164613]",1,sb_int-multiplicative_comp-vsmean_gbatt-true_gbalt-true_lk-gaze-dependent_inh-none,0
7838,37,3,189,attraction,B,R,1,target,9440.0,0.72,0.68,0.66,11,14,13,1,2,0,False,False,False,[2 2 2 2 2 0 0 0 0 0 1 1 0 0 1 1 1 1 2 1 1 1 2 1 1 0 0 1 1 0 0 1],[1 1 1 0 0 0 1 0 0 1 1 1 1 0 0 0 1 1 1 1 1 0 0 0 1 1 1 1 1 1 0 0],"[0.333    0.675    0.208    0.216    0.125    0.175    0.333    0.342
 0.125    0.325    0.175    0.3      0.283    0.292    0.225    0.241
 0.275    0.15     0.258    0.291    0.233    0.183    0.233    0.183
 0.517    0.266    0.191    0.241    0.2      0.241    0.183    0.099318]",1,sb_int-multiplicative_comp-vsmean_gbatt-true_gbalt-true_lk-gaze-dependent_inh-none,0
7839,37,3,190,attraction,A,M,1,competitor,11240.0,0.75,0.65,0.73,10,15,9,2,1,0,True,True,False,[2 1 1 0 0 1 1 1 2 1 1 0 1 1 1 0 2 2 2 1 0 0 2 2 2 0 0 0 1 0 1 1 0 1],[1 0 0 0 1 0 0 1 0 1 1 0 1 0 0 1 1 1 0 1 0 1 1 1 0 0 0 1 0 0 1 0 1 0],"[0.375    0.241    0.141    0.208    0.292    0.091    0.166    0.634
 0.492    0.2      0.225    0.542    0.166    0.091    0.283    0.392
 0.108    0.308    0.408    0.367    0.4      0.3      0.158    0.175
 0.216    0.208    0.1      0.191    0.458    0.225    0.433    0.292
 0.166    0.347005]",1,sb_int-multiplicative_comp-vsmean_gbatt-true_gbalt-true_lk-gaze-dependent_inh-none,0
7840,37,3,191,filler,,M,2,,8500.0,0.24,0.37,0.76,41,27,13,0,2,1,False,False,False,[0 2 2 0 0 0 2 1 1 1 1 0 0 0 2 2 2 2 2 0 2 2 2 2 2],[1 1 0 0 1 1 1 1 1 0 0 0 1 1 1 1 0 1 1 1 1 1 0 0 1],"[0.267    0.5      0.225    0.542    0.15     0.267    0.183    0.225
 0.158    0.15     0.175    0.467    0.141    0.35     0.125    0.534
 0.542    0.884    0.116    0.275    0.116    0.15     0.183    0.292
 0.501568]",2,sb_int-multiplicative_comp-vsmean_gbatt-true_gbalt-true_lk-gaze-dependent_inh-none,0
7841,37,3,192,compromise,B,L,1,target,14820.0,0.72,0.68,0.58,10,15,19,2,0,1,False,True,True,"[1 1 1 1 2 2 1 1 1 1 1 2 2 2 2 0 2 2 2 1 1 1 2 0 0 0 0 0 0 2 2 0 0 2 0 0 0
 2 1 1 1 0 2 1 1 1 1]","[0 0 1 0 1 0 1 1 0 1 1 0 0 1 1 1 0 1 0 1 0 0 1 0 0 1 1 0 0 0 0 0 0 0 0 0 1
 1 0 0 1 0 0 1 1 0 0]","[0.4   0.091 0.559 0.291 0.191 0.3   0.183 0.116 0.216 0.292 0.408 0.242
 0.609 0.217 0.191 0.292 0.083 0.175 0.342 0.3   0.183 0.133 0.442 0.125
 0.158 0.275 0.342 0.083 0.158 0.2   0.116 0.141 0.158 0.425 0.283 0.1
 0.3   0.592 0.225 0.175 0.35  0.45  0.225 0.083 0.634 0.166 0.125]",1,sb_int-multiplicative_comp-vsmean_gbatt-true_gbalt-true_lk-gaze-dependent_inh-none,0
7842,37,3,193,attraction,A,L,0,target,7090.0,0.75,0.65,0.73,11,14,10,0,2,1,True,False,False,[0 0 0 0 2 2 2 0 0 2 0 0 0 1 1 1 1 1 0 0 1 1 0 0],[0 1 0 0 0 0 0 0 0 1 1 0 0 1 0 0 1 1 1 1 1 0 0 0],"[0.325    0.425    0.258    0.108    0.283    0.701    0.158    0.266
 0.216    0.258    0.425    0.183    0.183    0.317    0.233    0.241
 0.275    0.175    0.367    0.183    0.133    0.191    0.133    0.204898]",0,sb_int-multiplicative_comp-vsmean_gbatt-true_gbalt-true_lk-gaze-dependent_inh-none,0
7843,37,3,194,compromise,B,R,1,target,9280.0,0.75,0.68,0.55,10,14,18,0,2,1,True,True,True,[0 0 0 0 2 2 1 0 0 0 0 1 1 1 1 1 1 0 0 0 1 0 2 2 2 1 1 2 2 1 2 1 1 2],[0 0 1 0 1 0 1 1 0 0 0 0 0 1 1 0 0 0 1 1 1 1 0 1 0 0 0 1 1 1 0 0 0 0],"[0.15     0.317    0.367    0.141    0.141    0.175    0.459    0.175
 0.158    0.133    0.225    0.217    0.325    0.233    0.292    0.225
 0.175    0.225    0.116    0.108    0.458    0.175    0.216    0.358
 0.333    0.292    0.116    0.2      0.183    0.567    0.216    0.141
 0.308    0.121475]",2,sb_int-multiplicative_comp-vsmean_gbatt-true_gbalt-true_lk-gaze-dependent_inh-none,0
7844,37,3,195,filler,,M,0,,10480.0,0.19,0.56,0.8,52,17,12,1,2,0,True,True,True,"[2 2 0 2 0 0 2 2 2 1 1 1 2 2 1 1 2 2 2 0 1 1 0 1 1 1 0 0 0 0 0 0 0 0 0 0 0
 0]","[0 0 0 0 0 1 1 0 0 0 0 1 1 1 1 0 0 1 0 0 0 0 0 0 0 1 0 0 1 1 0 1 0 0 1 1 0
 0]","[0.1      0.083    0.141    0.091    0.333    0.392    0.425    0.241
 0.2      0.233    0.15     0.358    0.225    0.242    0.158    0.266
 0.275    0.492    0.175    0.392    0.25     0.091    0.2      0.133
 0.125    0.191    0.141    0.2      0.2      0.125    0.317    0.233
 0.375    0.108    0.208    0.609    0.55     0.043022]",0,sb_int-multiplicative_comp-vsmean_gbatt-true_gbalt-true_lk-gaze-dependent_inh-none,0
7845,37,3,196,attraction,B,M,1,target,6570.0,0.75,0.68,0.66,10,14,13,2,1,0,True,False,True,[2 2 2 1 1 2 2 2 1 2 2 1 1 0 0 0 0 1 1 0 1],[0 0 1 1 1 1 0 0 1 0 0 0 1 1 1 0 0 0 1 1 1],"[0.367 0.292 0.408 0.3   0.3   0.308 0.108 0.091 0.233 0.141 0.166 0.225
 0.659 0.216 0.25  0.342 0.125 0.358 0.267 0.333 0.333]",1,sb_int-multiplicative_comp-vsmean_gbatt-true_gbalt-true_lk-gaze-dependent_inh-none,0
7846,37,3,197,compromise,A,L,2,decoy,9030.0,0.75,0.65,0.82,11,15,7,2,1,0,True,False,False,[2 2 2 2 1 0 2 1 1 1 2 2 1 0 0 1 0 2 2 0 0 2 2 0 0 2 2 2 1],[1 1 0 0 1 0 1 0 0 1 0 0 1 0 1 0 0 1 0 0 0 1 1 1 1 1 1 1 1],"[0.1      0.25     0.275    0.2      0.392    0.166    0.217    0.225
 0.442    0.392    0.133    0.267    0.133    0.392    0.308    0.333
 0.258    0.734    0.408    0.108    0.383    0.233    0.108    0.233
 0.091    0.283    0.425    0.175    0.078691]",1,sb_int-multiplicative_comp-vsmean_gbatt-true_gbalt-true_lk-gaze-dependent_inh-none,0
7847,37,3,198,compromise,A,L,1,competitor,9440.0,0.78,0.68,0.88,10,15,8,2,0,1,False,True,False,[1 2 2 2 2 2 0 0 0 2 2 2 0 0 1 1 1 1 2 0 0 0 1 1 0 0 1 1 2 2 2 1 1],[0 0 0 0 1 0 0 1 0 1 1 0 1 1 1 0 0 0 1 1 0 0 0 1 1 1 0 0 1 1 0 1 0],"[0.3      0.15     0.225    0.141    0.433    0.367    0.392    0.3
 0.342    0.292    0.108    0.158    0.2      0.3      0.233    0.116
 0.283    0.342    0.35     0.267    0.275    0.083    0.166    0.3
 0.158    0.125    0.425    0.141    0.091    0.225    0.25     0.483
 0.070022]",1,sb_int-multiplicative_comp-vsmean_gbatt-true_gbalt-true_lk-gaze-dependent_inh-none,0
7848,37,3,199,compromise,B,M,0,competitor,8850.0,0.75,0.65,0.55,11,14,18,1,0,2,False,False,False,[1 1 1 1 1 0 0 1 0 2 0 0 1 0 1 2 0 1 0 2 2 0 2 1 1 2 2 1 1 2],[1 1 0 1 1 0 1 1 1 1 1 0 0 1 1 0 0 0 0 0 1 1 0 0 1 1 0 0 0 0],"[0.141 0.116 0.467 0.125 0.175 0.383 0.133 0.25  0.342 0.267 0.125 0.217
 0.367 0.267 0.208 0.141 0.191 0.216 0.241 0.225 0.433 0.233 0.208 0.266
 0.35  0.367 0.216 0.158 0.141 0.342]",2,sb_int-multiplicative_comp-vsmean_gbatt-true_gbalt-true_lk-gaze-dependent_inh-none,0
7849,37,3,200,compromise,A,L,2,decoy,4660.0,0.75,0.62,0.88,11,15,7,1,2,0,True,True,True,[2 2 2 0 2 2 0 0 0 2 2 2 0 1 1 1 2 2 2 2],[0 0 1 1 0 0 0 0 1 1 0 0 0 0 0 1 1 1 0 0],"[0.108    0.125    0.25     0.1      0.1      0.125    0.141    0.083
 0.325    0.283    0.275    0.316    0.375    0.292    0.083    0.383
 0.141    0.158    0.091    0.151889]",2,sb_int-multiplicative_comp-vsmean_gbatt-true_gbalt-true_lk-gaze-dependent_inh-none,0
7850,37,3,201,filler,,L,2,,4860.0,0.16,0.46,0.87,62,21,11,2,1,0,True,True,True,[2 2 2 2 2 1 1 0 0 0 0 1 1 1 1 1 1 2],[0 1 1 0 0 0 1 1 0 0 1 1 0 0 1 1 0 0],"[0.241    0.233    0.175    0.183    0.15     0.317    0.492    0.325
 0.141    0.367    0.467    0.191    0.2      0.308    0.167    0.158
 0.183    0.112814]",2,sb_int-multiplicative_comp-vsmean_gbatt-true_gbalt-true_lk-gaze-dependent_inh-none,0
7851,37,3,202,compromise,B,L,1,target,13710.0,0.72,0.65,0.52,11,15,18,1,0,2,False,True,True,"[1 1 1 0 0 0 2 0 2 2 2 1 1 1 0 0 0 1 0 1 1 1 1 1 2 2 2 2 2 2 1 2 2 2 2 2 2
 2 2 0 0 2 0 1 1 2 2 1 1]","[0 0 0 1 0 0 1 1 0 0 1 0 1 1 1 1 1 0 0 0 0 1 1 0 0 1 1 0 0 0 1 0 1 0 0 1 1
 0 0 1 0 1 0 0 0 1 1 0 0]","[0.233    0.175    0.083    0.166    0.141    0.108    0.217    0.283
 0.091    0.358    0.467    0.417    0.108    0.342    0.1      0.083
 0.35     0.225    0.434    0.091    0.183    0.083    0.333    0.275
 0.175    0.367    0.15     0.233    0.492    0.308    0.575    0.35
 0.517    0.091    0.216    0.141    0.2      0.25     0.116    0.266
 0.216    0.375    0.158    0.091    0.3      0.141    0.425    0.167
 0.060048]",1,sb_int-multiplicative_comp-vsmean_gbatt-true_gbalt-true_lk-gaze-dependent_inh-none,0
7852,37,3,203,compromise,B,M,0,competitor,5460.0,0.78,0.62,0.55,11,14,19,1,2,0,False,True,True,[2 2 2 2 0 0 0 1 1 1 0 0 2 2 2 2 0 1 1 1],[0 0 1 1 1 1 0 1 0 0 1 1 1 0 0 1 0 1 0 0],"[0.333  0.258  0.1    0.283  0.108  0.191  0.442  0.175  0.208  0.2
 0.266  0.091  0.2    0.275  0.133  0.333  0.383  0.258  0.116  0.1186]",1,sb_int-multiplicative_comp-vsmean_gbatt-true_gbalt-true_lk-gaze-dependent_inh-none,0
7853,37,3,204,compromise,A,L,0,target,7420.0,0.78,0.65,0.82,11,14,7,0,1,2,True,True,True,[0 0 1 1 2 2 0 0 0 0 2 0 0 0 0 1 2 1 1 1 1 1 1],[0 1 1 1 1 0 0 0 1 1 1 1 1 0 0 0 0 0 1 0 0 1 0],"[0.442    0.367    0.2      0.35     0.408    0.333    0.191    0.183
 0.091    0.734    0.484    0.325    0.383    0.108    0.091    0.242
 0.183    0.2      0.392    0.166    0.175    0.4      0.152883]",1,sb_int-multiplicative_comp-vsmean_gbatt-true_gbalt-true_lk-gaze-dependent_inh-none,0
7854,37,3,205,compromise,B,L,1,target,9060.0,0.72,0.65,0.55,10,15,19,2,0,1,False,True,False,[2 1 1 1 1 1 2 2 1 1 2 0 0 0 2 2 1 1 2 1 1 2 1 1 2 1 1 2 2 2],[1 0 1 1 0 0 1 1 0 0 1 0 1 1 0 0 1 0 1 0 1 1 0 1 0 1 0 1 1 0],"[0.116    0.358    0.317    0.166    0.15     0.208    0.3      0.3
 0.208    0.308    0.158    0.3      0.158    0.267    0.216    0.141
 0.375    0.175    0.3      0.291    0.317    0.358    0.166    0.266
 0.467    0.166    0.333    0.167    0.392    0.079718]",1,sb_int-multiplicative_comp-vsmean_gbatt-true_gbalt-true_lk-gaze-dependent_inh-none,0
7855,37,3,206,compromise,A,M,2,decoy,5060.0,0.75,0.65,0.85,11,15,8,0,2,1,True,True,False,[0 0 0 2 2 2 2 0 2 0 0 2 1 1 1 1 2 2],[0 0 1 0 0 1 1 0 1 1 1 0 1 1 0 1 1 1],"[0.133    0.342    0.266    0.141    0.208    0.225    0.367    0.166
 0.45     0.125    0.175    0.317    0.292    0.091    0.367    0.3
 0.275    0.173725]",2,sb_int-multiplicative_comp-vsmean_gbatt-true_gbalt-true_lk-gaze-dependent_inh-none,0
7856,37,3,207,compromise,B,M,2,decoy,10240.0,0.72,0.65,0.58,10,15,18,0,2,1,True,False,False,[0 0 0 0 2 2 0 0 0 2 2 2 2 2 0 0 2 1 1 2 2 1 2 2 2 2 1 1 2 1 2 2 2 2 2],[0 0 1 0 1 1 1 0 0 0 1 1 0 1 1 1 1 1 0 0 1 1 1 0 0 0 0 0 0 1 1 1 0 0 1],"[0.125 0.317 0.341 0.116 0.4   0.091 0.133 0.225 0.166 0.317 0.308 0.433
 0.425 0.325 0.2   0.175 0.317 0.45  0.308 0.191 0.383 0.617 0.192 0.116
 0.1   0.083 0.267 0.192 0.158 0.317 0.292 0.183 0.183 0.25  0.266]",2,sb_int-multiplicative_comp-vsmean_gbatt-true_gbalt-true_lk-gaze-dependent_inh-none,0
7857,37,3,208,filler,,L,2,,4900.0,0.28,0.67,0.78,35,14,12,1,2,0,False,True,True,[2 2 2 0 0 1 1 1 0 0 0 0 2 2 2 2 2],[0 0 1 1 0 1 0 0 0 0 1 1 0 0 1 0 0],"[0.25  0.225 0.367 0.333 0.333 0.158 0.175 0.242 0.459 0.141 0.266 0.225
 0.108 0.25  0.517 0.091 0.208]",2,sb_int-multiplicative_comp-vsmean_gbatt-true_gbalt-true_lk-gaze-dependent_inh-none,0
7858,37,3,209,compromise,B,R,1,target,12960.0,0.72,0.68,0.58,11,14,19,0,2,1,True,True,True,"[0 0 0 0 2 1 1 2 2 2 2 1 1 1 1 1 1 1 1 2 0 1 1 0 0 0 0 1 1 1 1 1 2 2 2 1 2
 2 2 2 1 2 1 1]","[0 0 0 1 1 1 0 0 0 1 0 1 1 0 0 0 1 1 0 1 1 1 0 0 1 1 0 1 1 1 0 0 0 0 1 1 0
 0 1 1 1 0 0 0]","[0.283    0.191    0.091    0.275    0.317    0.275    0.2      0.242
 0.233    0.308    0.216    0.15     0.241    0.241    1.034    0.133
 0.133    0.191    0.1      0.559    0.225    0.258    0.3      0.4
 0.216    0.175    0.225    0.125    0.2      0.141    0.258    0.133
 0.15     0.175    0.517    0.483    0.083    0.216    0.191    0.091
 0.292    0.25     0.116    0.445484]",1,sb_int-multiplicative_comp-vsmean_gbatt-true_gbalt-true_lk-gaze-dependent_inh-none,0
7859,37,3,210,compromise,B,M,0,competitor,6890.0,0.72,0.62,0.55,11,14,19,1,2,0,True,False,False,[2 2 2 2 2 2 2 2 0 0 0 1 1 1 1 1 0 0 1 0 1 2 2 2 0 2],[1 1 0 0 0 1 0 0 0 0 1 0 1 1 0 0 0 0 0 1 1 1 0 1 0 1],"[0.116    0.225    0.183    0.367    0.141    0.4      0.15     0.166
 0.2      0.208    0.392    0.242    0.266    0.125    0.083    0.15
 0.233    0.267    0.183    0.15     0.333    0.35     0.35     0.241
 0.325    0.049819]",2,sb_int-multiplicative_comp-vsmean_gbatt-true_gbalt-true_lk-gaze-dependent_inh-none,0
7860,37,3,211,compromise,B,M,1,target,7470.0,0.72,0.68,0.55,10,14,19,2,1,0,False,False,False,[2 2 2 2 2 1 1 2 1 0 0 1 1 0 0 1 1 1 1 2 2 1 1],[1 1 0 0 1 0 1 1 1 1 0 1 1 1 0 0 1 1 0 0 1 1 1],"[0.108   0.2     0.216   0.242   0.2     0.367   0.509   0.684   0.3
 0.433   0.233   0.091   0.317   0.35    0.266   0.275   0.217   0.35
 0.325   0.283   0.383   0.175   0.03226]",1,sb_int-multiplicative_comp-vsmean_gbatt-true_gbalt-true_lk-gaze-dependent_inh-none,0
7861,37,3,212,attraction,B,M,0,competitor,3580.0,0.72,0.65,0.63,11,14,13,1,2,0,True,True,True,[2 2 0 0 0 1 1 0 0 0 1 1],[0 1 1 0 0 0 1 1 0 0 0 1],"[0.308    0.375    0.3      0.258    0.208    0.292    0.183    0.342
 0.1      0.3      0.258    0.205168]",1,sb_int-multiplicative_comp-vsmean_gbatt-true_gbalt-true_lk-gaze-dependent_inh-none,0
7862,37,3,213,compromise,A,L,2,decoy,6290.0,0.75,0.68,0.88,10,15,8,1,2,0,True,False,False,[2 2 2 2 0 0 0 1 1 1 1 1 1 2 2 1 1 1 2 0 2 2 2],[1 1 0 0 1 1 0 0 1 1 1 0 0 1 1 0 0 1 0 0 1 1 1],"[0.116 0.55  0.208 0.183 0.175 0.15  0.175 0.166 0.1   0.267 0.25  0.267
 0.158 0.108 0.267 0.1   0.15  0.25  0.609 0.15  0.166 0.208 0.208]",2,sb_int-multiplicative_comp-vsmean_gbatt-true_gbalt-true_lk-gaze-dependent_inh-none,0
7863,37,3,214,compromise,A,L,0,target,4860.0,0.78,0.62,0.85,10,15,7,0,2,1,False,True,True,[2 0 0 0 2 0 2 1 1 2 0 2 1 1 0],[0 1 0 0 0 1 1 1 0 0 0 0 0 1 1],"[0.116 0.2   0.4   0.116 0.358 0.233 0.175 0.225 0.183 0.183 0.333 0.233
 0.275 0.317 0.442]",1,sb_int-multiplicative_comp-vsmean_gbatt-true_gbalt-true_lk-gaze-dependent_inh-none,0
7864,37,3,215,attraction,B,L,0,competitor,10250.0,0.78,0.62,0.6,11,15,14,0,2,1,False,False,False,[0 0 0 0 2 2 2 2 2 1 1 2 2 1 1 1 1 1 1 0 0 0 0 0 0 1 1 0 0 1 0 0 1],[1 0 0 0 0 1 0 0 1 1 0 0 1 1 0 0 1 0 0 1 1 0 0 1 0 0 0 1 1 1 0 0 0],"[0.3      0.166    0.851    0.1      0.208    0.241    0.216    0.141
 0.392    0.35     0.283    0.1      0.192    0.208    0.308    0.325
 0.45     0.292    0.55     0.191    0.141    0.258    0.4      0.492
 0.166    0.175    0.2      0.133    0.191    0.45     0.141    0.091
 0.128584]",0,sb_int-multiplicative_comp-vsmean_gbatt-true_gbalt-true_lk-gaze-dependent_inh-none,0
7865,37,3,216,attraction,A,M,0,target,4810.0,0.75,0.65,0.73,11,15,10,1,0,2,True,True,False,[1 1 1 1 0 2 2 2 0 0 0 2 2 0 1 1 1 1 0 0],[0 0 0 1 1 0 1 1 1 0 0 0 0 0 0 1 0 0 0 0],"[0.15     0.141    0.15     0.4      0.283    0.166    0.241    0.116
 0.216    0.258    0.083    0.233    0.083    0.116    0.267    0.367
 0.2      0.091    0.225    0.171401]",2,sb_int-multiplicative_comp-vsmean_gbatt-true_gbalt-true_lk-gaze-dependent_inh-none,0
7866,37,3,217,compromise,B,L,1,target,6750.0,0.72,0.68,0.52,11,15,19,1,0,2,True,True,True,[1 1 1 1 0 2 0 0 1 1 0 1 1 0 0 1 1 0 0 1 2 2 2 2 2 2 1 1],[0 1 0 0 0 0 0 1 1 1 1 1 1 0 0 0 0 0 1 1 0 0 1 1 0 0 0 0],"[0.275 0.425 0.125 0.125 0.317 0.191 0.2   0.283 0.108 0.108 0.2   0.2
 0.083 0.133 0.166 0.125 0.183 0.417 0.342 0.475 0.091 0.2   0.291 0.158
 0.091 0.141 0.208 0.1  ]",1,sb_int-multiplicative_comp-vsmean_gbatt-true_gbalt-true_lk-gaze-dependent_inh-none,0
7867,37,3,218,compromise,A,L,1,competitor,8150.0,0.72,0.68,0.82,11,15,7,1,0,2,True,True,True,[1 1 0 0 0 0 0 2 0 2 2 2 1 1 0 0 0 1 1 1 0 1 1 0 1 1 2],[1 1 1 1 0 0 1 1 1 0 0 1 1 0 1 0 0 0 1 1 1 0 0 0 1 1 1],"[0.275    0.183    0.208    0.125    0.292    0.292    0.125    0.241
 0.125    0.191    0.217    0.325    0.776    0.141    0.375    0.225
 0.108    0.458    0.15     0.417    0.133    0.208    0.125    0.316
 0.158    0.2      0.224785]",1,sb_int-multiplicative_comp-vsmean_gbatt-true_gbalt-true_lk-gaze-dependent_inh-none,0
7868,37,3,219,attraction,A,L,1,competitor,10390.0,0.75,0.68,0.73,10,14,9,2,0,1,False,False,False,[1 1 1 1 1 2 2 1 2 1 1 1 1 2 2 0 0 0 2 2 0 0 0 0 2 1 1 1 0 0 2 1 1 1 1],[1 1 0 0 1 1 1 1 1 1 1 0 0 0 0 0 1 1 1 1 0 0 1 1 1 1 1 1 1 0 0 0 0 1 0],"[0.15  0.208 0.2   0.15  0.241 0.192 0.909 0.417 0.233 0.425 0.433 0.133
 0.275 0.166 0.325 0.308 0.108 0.425 0.166 0.342 0.191 0.225 0.116 0.141
 0.158 0.175 0.767 0.325 0.2   0.241 0.141 0.225 0.233 0.225 0.133]",1,sb_int-multiplicative_comp-vsmean_gbatt-true_gbalt-true_lk-gaze-dependent_inh-none,0
7869,37,3,220,filler,,L,2,,8640.0,0.31,0.38,0.85,32,26,11,1,2,0,True,False,False,[2 2 0 2 2 0 1 0 0 0 1 1 1 0 0 0 1 1 1 1 0 1 0 0 2 2],[1 0 0 0 0 1 0 1 0 0 0 1 1 1 1 0 0 1 0 1 1 0 1 0 1 0],"[0.3      0.233    0.208    0.1      0.191    0.2      0.258    0.308
 0.208    0.283    0.442    0.125    0.292    0.108    0.233    0.767
 0.283    0.233    0.542    0.45     0.125    0.342    0.367    0.2
 0.425    0.202314]",0,sb_int-multiplicative_comp-vsmean_gbatt-true_gbalt-true_lk-gaze-dependent_inh-none,0
7870,37,3,221,compromise,A,L,2,decoy,6220.0,0.75,0.62,0.88,10,15,8,2,1,0,True,True,False,[2 2 2 2 2 1 1 1 0 0 1 0 1 1 1 0 0 0 0 0 2 2 2 2 2],[1 1 0 0 1 0 1 1 1 0 1 1 1 0 0 1 0 0 1 1 1 1 0 0 1],"[0.158    0.292    0.083    0.325    0.325    0.283    0.358    0.133
 0.183    0.35     0.133    0.1      0.225    0.091    0.108    0.216
 0.325    0.241    0.108    0.091    0.108    0.3      0.275    0.216
 0.203118]",2,sb_int-multiplicative_comp-vsmean_gbatt-true_gbalt-true_lk-gaze-dependent_inh-none,0
7871,37,3,222,compromise,B,L,0,competitor,4510.0,0.72,0.62,0.55,11,14,19,0,1,2,False,False,True,[0 0 1 2 2 1 0 0 0 1 1 1 1 2 2 2 2 1 0],[1 0 1 0 1 1 1 0 0 0 0 1 1 0 1 0 0 0 1],"[0.25     0.166    0.3      0.217    0.292    0.133    0.125    0.15
 0.183    0.108    0.225    0.233    0.217    0.192    0.333    0.091
 0.383    0.208    0.022535]",0,sb_int-multiplicative_comp-vsmean_gbatt-true_gbalt-true_lk-gaze-dependent_inh-none,0
7872,37,3,223,filler,,R,2,,3250.0,0.29,0.42,0.72,34,23,13,1,0,2,False,False,False,[1 1 0 0 2 2 1 1 1 0 0 0],[1 1 1 1 1 0 0 1 1 1 0 0],"[0.233   0.15    0.191   0.2     0.383   0.342   0.4     0.183   0.116
 0.283   0.183   0.15082]",0,sb_int-multiplicative_comp-vsmean_gbatt-true_gbalt-true_lk-gaze-dependent_inh-none,0
7873,37,3,224,compromise,B,R,0,competitor,5350.0,0.75,0.62,0.58,10,15,18,2,1,0,True,True,False,[2 2 2 2 1 0 0 1 2 2 2 2 2 2 2 2 2 0 0],[1 1 0 0 1 0 1 0 1 1 0 0 1 1 0 1 1 1 0],"[0.091    0.342    0.208    0.083    0.15     0.375    0.325    0.342
 0.083    0.267    0.333    0.425    0.1      0.208    0.525    0.2
 0.1      0.083    0.057753]",2,sb_int-multiplicative_comp-vsmean_gbatt-true_gbalt-true_lk-gaze-dependent_inh-none,0
7874,37,3,225,compromise,A,L,1,competitor,6970.0,0.72,0.68,0.82,11,15,7,1,0,2,False,False,True,[1 1 1 1 0 0 2 2 2 2 0 0 1 1 1 2 2 1 1 1 1 1 1 1 1],[1 0 0 0 1 1 0 0 1 0 1 0 0 1 1 0 1 1 1 0 1 1 0 0 1],"[0.3      0.133    0.175    0.325    0.417    0.458    0.15     0.325
 0.45     0.283    0.141    0.2      0.3      0.091    0.392    0.141
 0.483    0.141    0.192    0.166    0.208    0.375    0.083    0.116
 0.039183]",1,sb_int-multiplicative_comp-vsmean_gbatt-true_gbalt-true_lk-gaze-dependent_inh-none,0
