,subject,block,trial,effect,target,key,choice,choice_tcd,rt,pA,pB,pC,mA,mB,mC,pos_A,pos_B,pos_C,pA_top,pB_top,pC_top,fixated_alternatives,fixated_attributes,fixation_durations,predicted_choice,model,rep
8100,39,1,1,filler,,M,2,,7280.0,0.31,0.38,0.85,32,26,11,0,2,1,False,False,False,[2 0 0 2 2 0 2 0 2 1 2 2 0 0 0 0 0 1 1 1 1 1 0 2 0 2 2 2],[1 1 1 1 1 1 1 1 1 1 0 1 0 0 1 0 0 0 0 1 1 0 0 0 0 0 0 1],"[0.133    0.1      1.009    0.116    0.175    0.166    0.191    0.2
 0.333    0.241    0.2      0.183    0.083    0.175    0.241    0.108
 0.158    0.091    0.233    0.183    0.242    0.317    0.325    0.216
 0.216    0.116    0.175    0.412815]",0,sb_int-additive_comp-absolute_gbatt-false_gbalt-true_lk-none_inh-distance-dependent,0
8101,39,1,2,compromise,A,R,1,competitor,3190.0,0.78,0.68,0.82,13,15,11,0,2,1,False,False,False,[2 2 0 0 0 2 0 0 2 1 1 1 2],[1 0 0 0 1 1 0 0 0 0 0 1 1],"[0.35     0.183    0.108    0.166    0.15     0.258    0.125    0.191
 0.175    0.141    0.166    0.308    0.190635]",2,sb_int-additive_comp-absolute_gbatt-false_gbalt-true_lk-none_inh-distance-dependent,0
8102,39,1,3,attraction,B,L,1,target,5440.0,0.72,0.62,0.6,13,14,13,1,0,2,True,True,True,[0 0 1 1 0 2 2 2 0 1 0 1 1 1 2 2 2 2 1 1 1 2 2 2 2 1],[0 0 0 0 0 0 0 1 1 1 1 1 0 0 0 0 1 1 1 0 0 0 0 1 1 1],"[0.191 0.091 0.6   0.133 0.2   0.133 0.25  0.3   0.175 0.266 0.15  0.091
 0.133 0.125 0.175 0.125 0.158 0.108 0.258 0.108 0.15  0.125 0.083 0.183
 0.091 0.166]",0,sb_int-additive_comp-absolute_gbatt-false_gbalt-true_lk-none_inh-distance-dependent,0
8103,39,1,4,attraction,A,R,1,competitor,5290.0,0.75,0.68,0.73,12,14,11,0,2,1,True,False,True,[2 2 0 0 0 0 0 0 2 2 2 2 1 1 1 1 1 2 0 2 2 0 0 1],[0 0 0 0 1 0 0 1 1 1 1 0 1 0 0 1 1 0 0 1 1 0 0 1],"[0.091    0.166    0.208    0.242    0.325    0.375    0.141    0.166
 0.216    0.2      0.116    0.183    0.308    0.183    0.166    0.158
 0.108    0.258    0.166    0.158    0.108    0.15     0.108    0.144636]",2,sb_int-additive_comp-absolute_gbatt-false_gbalt-true_lk-none_inh-distance-dependent,0
8104,39,1,5,filler,,M,2,,6200.0,0.27,0.61,0.89,37,16,11,0,2,1,True,True,True,[2 2 0 0 0 0 0 0 2 1 1 1 2 2 1 1 1 1 1 1 1 0 2 2 2],[0 0 0 0 1 0 0 1 1 1 0 0 0 1 1 0 1 0 0 1 1 1 1 0 0],"[0.166    0.116    0.191    0.158    0.208    0.091    0.342    0.258
 0.208    0.241    0.241    0.241    0.241    0.15     0.141    0.216
 0.25     0.083    0.125    0.108    0.2      0.217    0.35     0.191
 0.385867]",0,sb_int-additive_comp-absolute_gbatt-false_gbalt-true_lk-none_inh-distance-dependent,0
8105,39,1,6,filler,,R,0,,1950.0,0.32,0.6,0.78,31,16,12,2,1,0,True,True,True,[1 1 2 1 0 1 0 0 2 0],[0 0 0 0 0 0 1 1 1 1],"[0.158    0.083    0.258    0.091    0.233    0.133    0.15     0.183
 0.175    0.066933]",0,sb_int-additive_comp-absolute_gbatt-false_gbalt-true_lk-none_inh-distance-dependent,0
8106,39,1,7,compromise,A,R,1,competitor,2560.0,0.78,0.68,0.88,12,15,11,0,2,1,True,True,False,[2 0 0 2 1 1 1 1 1 1],[0 1 0 1 0 1 0 1 1 0],"[0.208    0.2      0.133    0.158    0.233    0.267    0.317    0.175
 0.166    0.036002]",1,sb_int-additive_comp-absolute_gbatt-false_gbalt-true_lk-none_inh-distance-dependent,0
8107,39,1,8,attraction,A,M,1,competitor,4400.0,0.72,0.62,0.7,13,15,12,0,1,2,True,False,True,[0 1 1 1 2 2 1 1 2 2 1 1 1 0 0 0 1 1 1 2 2 2 1],[1 0 0 0 1 1 1 1 0 0 0 0 0 1 0 0 1 0 0 1 0 0 0],"[0.183 0.091 0.15  0.141 0.216 0.083 0.267 0.133 0.125 0.083 0.108 0.141
 0.275 0.158 0.191 0.125 0.166 0.133 0.15  0.133 0.116 0.15  0.1  ]",2,sb_int-additive_comp-absolute_gbatt-false_gbalt-true_lk-none_inh-distance-dependent,0
8108,39,1,9,attraction,A,M,1,competitor,3740.0,0.75,0.65,0.73,13,14,12,2,1,0,True,False,False,[1 1 2 2 1 1 1 0 0 1 2 2 0 0 1],[1 1 1 0 0 0 1 0 1 0 1 1 1 1 0],"[0.083    0.175    0.258    0.417    0.141    0.083    0.158    0.4
 0.191    0.333    0.141    0.191    0.2      0.116    0.228673]",2,sb_int-additive_comp-absolute_gbatt-false_gbalt-true_lk-none_inh-distance-dependent,0
8109,39,1,10,compromise,A,R,1,competitor,4070.0000000000014,0.75,0.62,0.88,12,15,11,0,2,1,True,False,False,[0 0 2 2 2 2 0 0 2 2 2 0 1 1 1 1 2],[0 0 0 0 1 1 0 0 0 0 0 0 0 0 0 1 1],"[0.108    0.651    0.183    0.158    0.158    0.108    0.108    0.108
 0.333    0.2      0.083    0.258    0.108    0.158    0.108    0.3
 0.209021]",2,sb_int-additive_comp-absolute_gbatt-false_gbalt-true_lk-none_inh-distance-dependent,0
8110,39,1,11,attraction,A,R,1,competitor,3660.0,0.78,0.68,0.76,13,15,12,1,2,0,False,True,True,[2 2 0 2 0 0 1 1 0 2 2 1 1 1 1],[0 0 1 0 1 1 1 0 0 1 1 0 0 1 1],"[0.091    0.258    0.458    0.325    0.091    0.283    0.342    0.233
 0.191    0.2      0.141    0.15     0.15     0.166    0.096451]",1,sb_int-additive_comp-absolute_gbatt-false_gbalt-true_lk-none_inh-distance-dependent,0
8111,39,1,12,filler,,L,2,,3860.0,0.27,0.47,0.86,37,21,11,2,1,0,True,True,True,[2 1 1 1 0 0 0 0 1 0 1 2 2 2],[0 0 0 0 0 1 0 1 1 1 1 1 1 0],"[0.308    0.3      0.25     0.15     0.191    0.208    0.208    0.166
 0.283    0.133    0.183    0.567    0.133    0.065419]",1,sb_int-additive_comp-absolute_gbatt-false_gbalt-true_lk-none_inh-distance-dependent,0
8112,39,1,13,attraction,B,R,1,target,3460.0,0.78,0.65,0.63,13,15,14,0,2,1,True,True,False,[2 2 0 0 2 1 2 1 1 1 2 1 2 0 0 0],[1 1 0 1 0 1 0 1 0 0 0 1 1 0 0 1],"[0.083    0.125    0.183    0.175    0.292    0.283    0.175    0.191
 0.108    0.241    0.108    0.191    0.2      0.166    0.108    0.153519]",2,sb_int-additive_comp-absolute_gbatt-false_gbalt-true_lk-none_inh-distance-dependent,0
8113,39,1,14,attraction,B,R,0,competitor,8770.0,0.72,0.65,0.63,13,14,13,2,0,1,False,False,False,[2 2 2 2 1 1 2 2 0 0 0 0 0 0 0 0 2 1 2 2 2 0 0 0 2 1 1 2 0 0 2 0 0],[0 0 1 1 1 1 1 1 1 1 0 0 1 1 1 0 0 0 0 1 1 1 0 0 0 0 1 1 1 1 1 0 0],"[0.55     0.517    0.091    0.083    0.392    0.734    0.133    0.275
 0.125    0.242    0.2      0.116    0.091    0.083    0.091    0.425
 0.208    0.275    0.25     0.158    0.091    0.4      0.125    0.183
 0.191    0.492    0.233    0.141    0.108    0.175    0.15     0.267
 0.084171]",0,sb_int-additive_comp-absolute_gbatt-false_gbalt-true_lk-none_inh-distance-dependent,0
8114,39,1,15,compromise,A,L,1,competitor,5140.0,0.72,0.68,0.82,13,15,10,2,0,1,False,False,False,[1 1 1 1 1 2 2 0 0 0 0 2 2 1 2 1 1 1 0 2 1 1 0 0],[1 1 0 0 0 0 0 0 0 1 1 1 1 1 0 0 0 1 1 1 0 0 0 0],"[0.183    0.241    0.091    0.108    0.091    0.141    0.175    0.225
 0.292    0.133    0.091    0.125    0.125    0.15     0.2      0.283
 0.15     0.217    0.342    0.383    0.175    0.133    0.141    0.108153]",2,sb_int-additive_comp-absolute_gbatt-false_gbalt-true_lk-none_inh-distance-dependent,0
8115,39,1,16,compromise,B,M,2,decoy,3290.0,0.72,0.68,0.52,13,15,17,2,0,1,True,True,True,[1 1 2 2 0 0 0 2 2 2 1 0 2 0],[0 0 0 0 0 0 0 0 1 1 1 1 1 1],"[0.091    0.467    0.158    0.233    0.1      0.083    0.133    0.158
 0.116    0.141    0.25     0.233    0.258    0.092864]",2,sb_int-additive_comp-absolute_gbatt-false_gbalt-true_lk-none_inh-distance-dependent,0
8116,39,1,17,compromise,B,L,1,target,9030.0,0.72,0.65,0.58,12,15,16,2,0,1,False,False,True,"[1 2 1 2 2 0 0 0 0 2 1 1 2 2 0 0 2 2 1 2 2 0 0 0 0 0 2 2 1 1 1 1 2 2 2 1 1
 1 2 1]","[1 0 1 1 1 0 0 1 1 0 0 0 0 0 1 1 1 1 0 1 1 0 1 0 1 1 0 0 1 1 0 0 1 0 0 0 1
 1 1 1]","[0.433    0.083    0.166    0.1      0.2      0.15     0.241    0.133
 0.158    0.15     0.158    0.141    0.125    0.225    0.091    0.158
 0.258    0.091    0.483    0.142    0.183    0.208    0.225    0.216
 0.133    0.158    0.091    0.083    0.3      0.191    0.116    0.175
 0.342    0.091    0.375    0.25     0.191    0.15     0.3      0.034901]",1,sb_int-additive_comp-absolute_gbatt-false_gbalt-true_lk-none_inh-distance-dependent,0
8117,39,1,18,attraction,B,M,1,target,7300.0,0.72,0.62,0.6,12,15,14,2,1,0,False,True,True,[1 2 2 1 0 0 0 1 2 2 0 0 0 0 1 1 2 2 2 2 1 1 1 1 2 2 1 2 2 1 2 2 2 2],[0 0 0 1 0 1 1 0 1 1 1 0 1 1 0 0 1 1 0 0 0 1 0 0 1 1 1 1 0 0 1 1 1 1],"[0.1      0.275    0.158    0.275    0.175    0.141    0.1      0.275
 0.225    0.158    0.158    0.208    0.108    0.225    0.166    0.158
 0.183    0.158    0.108    0.183    0.133    0.325    0.15     0.158
 0.15     0.133    0.267    0.233    0.125    0.183    0.108    0.425
 0.125    0.049287]",1,sb_int-additive_comp-absolute_gbatt-false_gbalt-true_lk-none_inh-distance-dependent,0
8118,39,1,19,compromise,A,L,1,competitor,5580.0,0.78,0.68,0.85,12,15,10,1,0,2,False,False,False,[1 1 0 1 0 1 1 0 2 2 0 1 2 2 2 0 0 1 0 0 2 0 0 1 1],[1 1 1 1 0 0 0 0 0 1 1 1 1 1 0 0 0 0 1 1 1 1 0 0 1],"[0.116    0.208    0.275    0.1      0.208    0.25     0.108    0.233
 0.233    0.183    0.25     0.292    0.125    0.208    0.342    0.166
 0.116    0.1      0.141    0.1      0.2      0.2      0.158    0.241
 0.027646]",1,sb_int-additive_comp-absolute_gbatt-false_gbalt-true_lk-none_inh-distance-dependent,0
8119,39,1,20,attraction,A,L,1,competitor,8150.0,0.72,0.65,0.7,13,15,12,1,0,2,True,False,True,[0 1 1 0 0 2 2 2 0 0 1 0 1 0 1 1 2 1 2 2 1 1 0 0 0 2 2 2 0 0 0 1 1 1],[0 1 1 1 1 1 0 0 0 0 0 1 1 0 0 0 1 0 1 1 0 0 0 1 1 0 0 0 1 0 0 1 1 0],"[0.1      0.592    0.45     0.183    0.158    0.208    0.15     0.125
 0.15     0.208    0.216    0.317    0.292    0.25     0.091    0.191
 0.467    0.216    0.141    0.15     0.133    0.116    0.283    0.15
 0.091    0.116    0.292    0.166    0.183    0.191    0.091    0.25
 0.15     0.181017]",1,sb_int-additive_comp-absolute_gbatt-false_gbalt-true_lk-none_inh-distance-dependent,0
8120,39,1,21,compromise,A,L,1,competitor,11360.0,0.78,0.65,0.82,13,14,10,1,0,2,False,True,True,"[1 1 1 1 1 1 0 1 0 0 1 1 1 0 0 0 2 0 0 0 1 0 0 0 2 2 0 0 1 2 2 0 0 1 1 1 0
 2 2 2 2 0 0 1]","[0 0 1 1 0 0 0 0 1 1 1 1 1 1 1 1 0 1 1 1 1 1 1 1 0 0 1 0 0 1 1 1 1 1 1 0 0
 1 1 0 0 1 0 1]","[0.225 0.125 0.175 0.125 0.15  0.467 0.325 0.242 0.091 0.392 0.158 0.592
 0.241 0.133 0.175 0.191 0.383 0.125 0.217 0.225 0.525 0.091 0.183 0.15
 0.125 0.108 0.267 0.242 0.191 0.15  0.158 0.158 0.15  0.175 0.091 0.216
 0.225 0.125 0.2   0.125 0.183 0.208 0.133 0.091]",1,sb_int-additive_comp-absolute_gbatt-false_gbalt-true_lk-none_inh-distance-dependent,0
8121,39,1,22,compromise,A,L,1,competitor,4820.0,0.75,0.65,0.85,13,15,11,1,0,2,False,False,True,[1 0 2 2 2 2 2 2 2 2 0 0 0 1 1 1 1 0],[1 1 0 1 0 1 0 1 0 1 0 1 1 1 0 0 1 1],"[0.258 0.225 0.241 0.225 0.2   0.242 0.241 0.166 0.233 0.141 0.342 0.158
 0.125 0.258 0.217 0.083 0.233 0.291]",0,sb_int-additive_comp-absolute_gbatt-false_gbalt-true_lk-none_inh-distance-dependent,0
8122,39,1,23,compromise,A,L,2,decoy,4320.0,0.72,0.68,0.82,13,15,10,1,2,0,True,True,False,[2 0 0 2 0 0 1 1 1 1 0 2 0 1 1 0 2],[1 0 0 1 1 1 0 0 1 1 0 0 0 1 1 1 1],"[0.192    0.141    0.141    0.225    0.166    0.183    0.15     0.308
 0.116    0.233    0.175    0.258    0.175    0.233    0.1      0.116
 0.084311]",2,sb_int-additive_comp-absolute_gbatt-false_gbalt-true_lk-none_inh-distance-dependent,0
8123,39,1,24,compromise,A,M,1,competitor,6570.0,0.75,0.65,0.82,13,15,10,0,1,2,True,False,False,[0 0 1 1 2 2 2 1 1 1 0 1 1 2 2 2 1 0 0 1 1],[1 1 1 1 0 1 1 1 0 1 1 1 1 1 0 0 0 0 0 1 0],"[0.934    0.083    0.275    0.15     0.242    0.116    0.133    0.1
 0.233    0.266    0.517    0.2      0.116    0.442    0.2      0.116
 0.25     0.192    0.175    0.592    0.103058]",0,sb_int-additive_comp-absolute_gbatt-false_gbalt-true_lk-none_inh-distance-dependent,0
8124,39,1,25,attraction,B,M,2,decoy,2690.0,0.72,0.62,0.6,13,15,14,0,2,1,False,True,True,[0 0 0 2 1 2 2 0 2 2],[0 1 1 1 1 1 1 1 1 0],"[0.175    0.1      0.383    0.25     0.342    0.2      0.091    0.241
 0.3      0.013515]",0,sb_int-additive_comp-absolute_gbatt-false_gbalt-true_lk-none_inh-distance-dependent,0
8125,39,1,26,attraction,A,L,0,target,3500.0,0.75,0.65,0.73,13,15,12,0,1,2,True,False,True,[0 0 0 0 1 1 2 1 0 1 1 2 2],[0 0 1 1 1 1 1 1 1 1 1 1 1],"[0.25     0.15     0.091    0.517    0.183    0.191    0.358    0.125
 0.25     0.116    0.116    0.15     0.174815]",2,sb_int-additive_comp-absolute_gbatt-false_gbalt-true_lk-none_inh-distance-dependent,0
8126,39,1,27,compromise,B,L,0,competitor,2310.0,0.72,0.62,0.58,12,14,17,0,1,2,True,True,True,[0 1 1 2 0 0 1 1 2 0],[1 1 1 1 1 1 1 1 1 1],"[0.225    0.15     0.141    0.3      0.108    0.467    0.116    0.183
 0.15     0.070779]",0,sb_int-additive_comp-absolute_gbatt-false_gbalt-true_lk-none_inh-distance-dependent,0
8127,39,1,28,compromise,B,R,2,decoy,3060.0,0.78,0.65,0.52,13,14,16,1,0,2,False,True,True,[1 0 1 1 1 1 0 2 0 2 2 2 2 0],[1 0 0 0 0 0 0 1 0 1 0 0 0 1],"[0.258    0.208    0.191    0.266    0.158    0.141    0.3      0.317
 0.15     0.166    0.091    0.1      0.208    0.040858]",1,sb_int-additive_comp-absolute_gbatt-false_gbalt-true_lk-none_inh-distance-dependent,0
8128,39,1,29,compromise,A,R,1,competitor,2120.0,0.75,0.62,0.88,13,15,10,1,2,0,False,False,True,[2 0 1 1 1 1 0 0],[0 0 0 0 1 1 0 0],[0.408 0.35  0.191 0.108 0.15  0.133 0.1   0.116],2,sb_int-additive_comp-absolute_gbatt-false_gbalt-true_lk-none_inh-distance-dependent,0
8129,39,1,30,compromise,A,L,1,competitor,1810.0,0.72,0.65,0.82,13,15,10,1,0,2,False,False,False,[1 1 0 0 2 0 1 0 0],[1 1 1 1 1 1 1 1 1],[0.141   0.133   0.116   0.191   0.317   0.133   0.233   0.15    0.06396],1,sb_int-additive_comp-absolute_gbatt-false_gbalt-true_lk-none_inh-distance-dependent,0
8130,39,1,31,compromise,B,L,2,decoy,1820.0,0.72,0.68,0.58,12,15,17,1,2,0,True,False,True,[2 0 1 1 0 2 0],[0 1 0 0 1 0 1],[0.475    0.216    0.158    0.183    0.183    0.216    0.022268],2,sb_int-additive_comp-absolute_gbatt-false_gbalt-true_lk-none_inh-distance-dependent,0
8131,39,1,32,filler,,L,0,,6250.0,0.19,0.59,0.81,52,16,12,0,1,2,False,True,False,[2 1 1 0 0 1 2 2 0 0 0 1 1 2 0 2 2 2 1 0 0],[0 1 1 1 1 1 1 1 1 0 0 0 0 0 1 1 1 0 1 1 1],"[0.166    0.55     0.108    0.317    1.001    0.25     0.125    0.316
 0.166    0.175    0.308    0.125    0.283    0.275    0.225    0.083
 0.225    0.208    0.15     0.158    0.021494]",2,sb_int-additive_comp-absolute_gbatt-false_gbalt-true_lk-none_inh-distance-dependent,0
8132,39,1,33,attraction,B,M,2,decoy,2710.0,0.75,0.65,0.63,12,14,13,0,2,1,True,False,False,[0 0 0 0 0 2 1 2 0 0 2 2],[0 0 0 1 1 1 1 1 1 1 1 0],[0.133 0.183 0.133 0.1   0.158 0.242 0.375 0.175 0.083 0.225 0.2   0.133],2,sb_int-additive_comp-absolute_gbatt-false_gbalt-true_lk-none_inh-distance-dependent,0
8133,39,1,34,compromise,B,M,2,decoy,2590.0,0.75,0.62,0.58,13,14,17,2,0,1,False,True,True,[1 1 1 2 0 0 0 2 2 1 2],[0 1 1 0 1 1 0 0 0 1 0],"[0.225    0.133    0.125    0.2      0.2      0.15     0.308    0.15
 0.133    0.283    0.096152]",2,sb_int-additive_comp-absolute_gbatt-false_gbalt-true_lk-none_inh-distance-dependent,0
8134,39,1,35,compromise,B,L,2,decoy,3010.0,0.72,0.65,0.52,13,15,16,1,2,0,False,False,False,[0 0 0 0 2 0 0 1 2 2 0 1 2],[0 0 1 1 1 1 1 1 1 1 1 1 1],"[0.15  0.116 0.108 0.133 0.342 0.166 0.1   0.292 0.116 0.191 0.283 0.233
 0.241]",1,sb_int-additive_comp-absolute_gbatt-false_gbalt-true_lk-none_inh-distance-dependent,0
8135,39,1,36,filler,,M,0,,4030.0000000000014,0.29,0.42,0.72,34,23,13,1,0,2,True,True,True,[0 1 1 1 0 2 0 0 2 0 0 1 0 0 1 1],[0 0 1 1 1 1 1 1 1 0 0 0 0 1 1 0],"[0.158    0.233    0.125    0.133    0.433    0.275    0.116    0.291
 0.325    0.225    0.141    0.292    0.158    0.175    0.166    0.256938]",0,sb_int-additive_comp-absolute_gbatt-false_gbalt-true_lk-none_inh-distance-dependent,0
8136,39,1,37,attraction,A,M,1,competitor,5300.0,0.78,0.68,0.76,12,15,11,0,1,2,True,False,False,[1 0 0 0 1 2 2 1 0 1 1 2 0 2 2 1 1 0 0 1 2],[1 0 0 1 0 1 1 1 1 1 1 1 1 1 1 1 1 1 1 1 1],"[0.175    0.091    0.1      0.216    0.158    0.141    0.15     0.158
 0.267    0.175    0.158    0.358    0.667    0.108    0.166    0.183
 0.225    0.183    0.116    0.25     0.138927]",2,sb_int-additive_comp-absolute_gbatt-false_gbalt-true_lk-none_inh-distance-dependent,0
8137,39,1,38,attraction,B,M,1,target,4970.0,0.72,0.62,0.6,13,15,14,0,1,2,True,True,False,[1 0 0 1 1 1 2 2 1 0 1 1 2 0 0 1 2 2 2 1 0 0 1 1],[0 0 0 0 0 0 1 0 1 1 1 1 1 1 1 1 1 1 0 0 0 0 1 1],"[0.183    0.183    0.317    0.108    0.2      0.133    0.166    0.241
 0.175    0.208    0.15     0.125    0.267    0.191    0.091    0.191
 0.083    0.15     0.166    0.2      0.116    0.166    0.141    0.106746]",0,sb_int-additive_comp-absolute_gbatt-false_gbalt-true_lk-none_inh-distance-dependent,0
8138,39,1,39,filler,,L,0,,2580.0,0.16,0.46,0.87,62,21,11,0,1,2,False,True,True,[0 0 0 1 2 0 0 0 1 0],[0 0 1 1 1 0 0 0 0 1],"[0.108    0.15     0.617    0.308    0.358    0.1      0.116    0.191
 0.1      0.124195]",1,sb_int-additive_comp-absolute_gbatt-false_gbalt-true_lk-none_inh-distance-dependent,0
8139,39,1,40,compromise,A,R,0,target,6000.0,0.78,0.65,0.82,13,14,11,2,0,1,False,True,True,[1 1 1 2 2 0 0 0 0 1 1 2 2 2 2 1 1 0 1 0 0 2 2 2 1 0 0 1 1],[0 0 1 0 0 1 1 0 0 1 1 0 0 1 1 0 0 1 1 0 0 0 1 1 0 1 0 1 0],"[0.083   0.283   0.225   0.141   0.1     0.158   0.091   0.125   0.217
 0.1     0.116   0.083   0.2     0.225   0.1     0.108   0.225   0.3
 0.292   0.125   0.2     0.25    0.158   0.108   0.175   0.241   0.2
 0.292   0.13869]",0,sb_int-additive_comp-absolute_gbatt-false_gbalt-true_lk-none_inh-distance-dependent,0
8140,39,1,41,compromise,B,R,2,decoy,2440.0,0.75,0.68,0.55,12,14,16,1,0,2,True,True,False,[1 1 1 1 0 0 2 2 1 2 2 0],[1 1 0 0 0 0 1 0 1 1 1 1],"[0.116    0.208    0.091    0.267    0.191    0.116    0.125    0.358
 0.083    0.108    0.15     0.056131]",1,sb_int-additive_comp-absolute_gbatt-false_gbalt-true_lk-none_inh-distance-dependent,0
8141,39,1,42,compromise,B,M,2,decoy,4330.0,0.72,0.68,0.58,13,14,17,0,2,1,False,True,False,[0 0 2 1 1 1 2 2 0 0 0 0 0 2 2 2 2 1 1 1],[1 1 0 1 0 0 1 1 0 0 1 0 0 0 1 1 0 1 0 0],"[0.15     0.308    0.25     0.125    0.125    0.133    0.283    0.091
 0.166    0.267    0.342    0.158    0.208    0.141    0.108    0.216
 0.208    0.175    0.108    0.087846]",0,sb_int-additive_comp-absolute_gbatt-false_gbalt-true_lk-none_inh-distance-dependent,0
8142,39,1,43,attraction,B,M,1,target,4750.0,0.75,0.62,0.6,12,15,14,0,1,2,True,True,False,[1 1 0 0 0 0 1 1 2 2 1 1 1 0 0 1 2 2 1],[1 1 1 0 0 0 0 0 0 0 1 0 0 0 1 1 1 1 1],"[0.208    0.233    0.141    0.166    0.292    0.166    0.2      0.225
 0.25     0.225    0.133    0.141    0.166    0.208    0.116    0.283
 0.233    0.158    0.053917]",2,sb_int-additive_comp-absolute_gbatt-false_gbalt-true_lk-none_inh-distance-dependent,0
8143,39,1,44,compromise,B,L,1,target,3050.0,0.72,0.62,0.55,13,14,17,2,0,1,False,False,True,[2 1 1 2 2 0 2 0 0 0 1 1],[1 0 1 1 1 0 0 1 0 0 0 1],"[0.158    0.133    0.55     0.133    0.2      0.367    0.2      0.258
 0.1      0.091    0.208    0.082394]",1,sb_int-additive_comp-absolute_gbatt-false_gbalt-true_lk-none_inh-distance-dependent,0
8144,39,1,45,compromise,A,L,2,decoy,3280.0,0.78,0.68,0.88,13,15,10,2,1,0,True,False,False,[2 1 1 0 1 1 0 2 2 2 2],[1 0 0 1 1 1 0 0 0 1 1],"[0.826    0.433    0.1      0.35     0.15     0.116    0.183    0.116
 0.291    0.141    0.042099]",1,sb_int-additive_comp-absolute_gbatt-false_gbalt-true_lk-none_inh-distance-dependent,0
8145,39,1,46,compromise,A,M,0,target,3540.0,0.78,0.62,0.85,13,14,10,1,0,2,True,False,False,[0 1 0 2 2 0 1 1 1 1 1 0 0 0 0],[0 1 0 1 0 1 0 1 1 0 0 1 1 0 1],"[0.116    0.3      0.225    0.258    0.267    0.216    0.183    0.25
 0.116    0.116    0.116    0.225    0.116    0.367    0.186672]",2,sb_int-additive_comp-absolute_gbatt-false_gbalt-true_lk-none_inh-distance-dependent,0
8146,39,1,47,attraction,B,R,1,target,3430.0,0.78,0.68,0.66,12,14,13,1,2,0,True,True,False,[0 0 2 2 0 0 1 1 1 1 0 2 0 0 0 1],[0 0 1 1 1 1 1 0 0 1 0 0 0 1 1 1],"[0.175    0.158    0.175    0.417    0.2      0.091    0.116    0.108
 0.2      0.175    0.1      0.242    0.375    0.15     0.158    0.077883]",2,sb_int-additive_comp-absolute_gbatt-false_gbalt-true_lk-none_inh-distance-dependent,0
8147,39,1,48,attraction,B,L,0,competitor,4980.0,0.78,0.65,0.63,13,15,14,0,1,2,False,True,False,[1 0 0 0 1 0 0 1 2 2 2 1 0 1 1 1 2 2 2 2 0],[0 1 0 0 1 1 1 0 1 1 0 1 0 0 0 1 0 0 1 1 1],"[0.141    0.442    0.2      0.175    0.308    0.166    0.2      0.083
 0.158    0.108    0.158    0.125    0.266    0.133    0.383    0.116
 0.191    0.233    0.108    0.116    0.273982]",2,sb_int-additive_comp-absolute_gbatt-false_gbalt-true_lk-none_inh-distance-dependent,0
8148,39,1,49,compromise,B,R,2,decoy,5770.0,0.78,0.62,0.55,13,14,17,0,1,2,False,True,True,[1 0 0 0 0 0 0 1 2 2 2 1 1 1 2 0 0 2 2 1 1 1],[0 1 1 0 0 0 1 1 1 0 0 0 0 0 0 0 1 0 1 1 0 0],"[0.108    0.225    0.2      0.183    0.267    0.15     0.225    0.216
 0.292    0.192    0.15     0.267    0.267    0.192    0.4      0.216
 0.141    0.25     0.225    0.233    0.125    0.050071]",0,sb_int-additive_comp-absolute_gbatt-false_gbalt-true_lk-none_inh-distance-dependent,0
8149,39,1,50,attraction,A,R,0,target,1950.0,0.72,0.65,0.7,12,14,11,2,1,0,False,False,False,[1 2 2 1 0 0 0],[0 0 1 1 1 0 0],[0.183    0.166    0.358    0.258    0.283    0.108    0.213542],0,sb_int-additive_comp-absolute_gbatt-false_gbalt-true_lk-none_inh-distance-dependent,0
8150,39,1,51,compromise,B,M,0,competitor,2510.0,0.72,0.68,0.55,12,14,17,1,0,2,False,False,True,[1 1 0 2 2 2 0 0 0 0],[1 1 1 0 1 0 1 0 0 1],"[0.091    0.175    0.241    0.208    0.317    0.2      0.275    0.133
 0.216    0.125858]",1,sb_int-additive_comp-absolute_gbatt-false_gbalt-true_lk-none_inh-distance-dependent,0
8151,39,1,52,attraction,A,L,1,competitor,2010.0,0.78,0.62,0.76,12,15,11,1,0,2,True,False,False,[0 0 1 2 2 2 0 1 1],[0 0 1 1 1 0 1 0 1],"[0.091    0.116    0.408    0.141    0.108    0.258    0.241    0.166
 0.097412]",1,sb_int-additive_comp-absolute_gbatt-false_gbalt-true_lk-none_inh-distance-dependent,0
8152,39,1,53,filler,,L,0,,3120.0,0.24,0.37,0.76,41,27,13,0,1,2,False,False,False,[0 1 1 2 2 1 0 1 0 0 1 1],[1 1 1 0 0 0 0 0 0 1 1 1],"[0.2      0.091    0.141    0.166    0.141    0.208    0.183    0.242
 0.191    0.275    0.317    0.095734]",0,sb_int-additive_comp-absolute_gbatt-false_gbalt-true_lk-none_inh-distance-dependent,0
8153,39,1,54,attraction,B,L,1,target,5000.0,0.75,0.68,0.66,12,14,13,1,0,2,False,True,False,[1 1 1 0 0 2 2 2 0 1 1 1 0 2 1 2 2 2 2 2],[1 1 0 1 0 0 1 1 0 1 0 0 1 1 1 1 1 1 0 1],"[0.141    0.166    0.283    0.2      0.258    0.125    0.175    0.216
 0.233    0.116    0.116    0.158    0.133    0.217    0.25     0.083
 0.125    0.15     0.292    0.093221]",0,sb_int-additive_comp-absolute_gbatt-false_gbalt-true_lk-none_inh-distance-dependent,0
8154,39,1,55,compromise,A,L,0,target,3690.0,0.78,0.62,0.85,12,15,10,0,1,2,False,False,False,[0 0 0 0 1 1 2 1 2 2 1 1 1 0 0 0 0],[1 1 0 0 0 0 0 1 1 0 0 1 1 1 1 0 0],"[0.091    0.175    0.175    0.191    0.175    0.15     0.158    0.208
 0.291    0.292    0.225    0.133    0.116    0.091    0.141    0.166
 0.184171]",2,sb_int-additive_comp-absolute_gbatt-false_gbalt-true_lk-none_inh-distance-dependent,0
8155,39,1,56,filler,,M,0,,6740.0,0.32,0.48,0.85,31,20,11,1,2,0,True,False,False,[1 1 1 0 0 2 2 2 0 2 2 2 2 2 0 0 1 1 1 0 0 0 0 0 0],[1 1 1 0 0 1 0 0 1 0 1 1 0 1 0 1 0 1 1 1 1 0 1 1 1],"[0.116    0.325    0.233    0.133    0.091    0.258    0.108    0.175
 0.325    0.417    0.108    0.292    0.25     0.191    0.158    0.15
 0.333    0.108    0.25     0.175    0.125    0.467    0.175    0.333
 0.080932]",2,sb_int-additive_comp-absolute_gbatt-false_gbalt-true_lk-none_inh-distance-dependent,0
8156,39,1,57,attraction,A,M,1,competitor,2580.0,0.75,0.65,0.73,13,15,12,0,1,2,True,False,True,[1 0 0 0 1 1 2 2 2 2 1 1],[0 1 0 0 1 1 0 0 1 1 0 1],[0.191 0.166 0.1   0.225 0.116 0.141 0.191 0.183 0.292 0.108 0.233 0.1  ],0,sb_int-additive_comp-absolute_gbatt-false_gbalt-true_lk-none_inh-distance-dependent,0
8157,39,1,58,attraction,A,R,1,competitor,1610.0,0.72,0.65,0.7,12,15,11,0,2,1,True,True,True,[0 0 0 2 1 1 1],[0 0 0 0 0 0 1],[0.1      0.133    0.241    0.233    0.158    0.158    0.195419],1,sb_int-additive_comp-absolute_gbatt-false_gbalt-true_lk-none_inh-distance-dependent,0
8158,39,1,59,compromise,B,R,2,decoy,3100.0,0.75,0.65,0.55,13,14,16,1,0,2,False,True,False,[1 0 0 0 2 2 0 1 1 0 0 2 1],[0 1 1 1 1 0 0 1 1 1 1 0 1],"[0.191    0.083    0.208    0.191    0.35     0.175    0.208    0.233
 0.125    0.225    0.108    0.192    0.155371]",2,sb_int-additive_comp-absolute_gbatt-false_gbalt-true_lk-none_inh-distance-dependent,0
8159,39,1,60,attraction,B,M,2,decoy,3930.0,0.78,0.62,0.6,13,15,14,2,0,1,False,True,True,[1 2 2 1 1 1 1 2 2 2 1 1 0 0 2 2],[0 0 0 0 1 0 0 0 1 1 0 0 1 0 1 0],"[0.175    0.125    0.166    0.525    0.1      0.3      0.133    0.342
 0.141    0.225    0.133    0.091    0.242    0.183    0.208    0.060834]",0,sb_int-additive_comp-absolute_gbatt-false_gbalt-true_lk-none_inh-distance-dependent,0
8160,39,1,61,attraction,A,R,0,target,4500.0,0.75,0.65,0.73,12,15,11,2,1,0,True,False,False,[1 2 2 0 0 1 2 2 1 1 0 0 0 1 2 1 2 2 1 0],[1 1 0 0 0 0 1 1 0 0 1 1 0 1 0 0 1 1 0 1],"[0.158    0.233    0.175    0.091    0.125    0.208    0.116    0.191
 0.125    0.15     0.15     0.208    0.225    0.225    0.442    0.091
 0.125    0.15     0.108    0.214179]",1,sb_int-additive_comp-absolute_gbatt-false_gbalt-true_lk-none_inh-distance-dependent,0
8161,39,1,62,attraction,A,L,1,competitor,1710.0,0.75,0.65,0.73,13,14,12,2,0,1,True,True,True,[2 1 2 1 1 1],[0 0 0 0 1 0],[0.125 0.241 0.2   0.241 0.3   0.233],1,sb_int-additive_comp-absolute_gbatt-false_gbalt-true_lk-none_inh-distance-dependent,0
8162,39,1,63,compromise,A,M,1,competitor,1970.0,0.75,0.68,0.88,12,15,11,2,1,0,False,False,False,[1 1 0 0 0 1 2 1 1],[1 1 1 0 0 0 0 0 1],"[0.083    0.191    0.25     0.108    0.158    0.108    0.283    0.083
 0.112541]",2,sb_int-additive_comp-absolute_gbatt-false_gbalt-true_lk-none_inh-distance-dependent,0
8163,39,1,64,attraction,B,M,1,target,2140.0,0.78,0.62,0.6,12,15,14,0,1,2,False,False,False,[1 0 1 1 2 2 1 0],[1 1 1 1 1 0 0 0],[0.133 0.275 0.191 0.083 0.25  0.208 0.208 0.216],0,sb_int-additive_comp-absolute_gbatt-false_gbalt-true_lk-none_inh-distance-dependent,0
8164,39,1,65,attraction,B,L,2,decoy,540.0,0.78,0.62,0.6,12,14,13,1,2,0,True,False,True,[2 2 0],[1 1 1],[0.308    0.133    0.050512],1,sb_int-additive_comp-absolute_gbatt-false_gbalt-true_lk-none_inh-distance-dependent,0
8165,39,1,66,attraction,A,M,0,target,5560.0,0.72,0.65,0.7,12,15,11,1,0,2,False,True,True,[0 0 1 1 1 1 0 1 1 0 1 0 0 2 2 0 1 1 1 0 2],[0 0 1 0 0 0 1 0 0 1 0 0 0 1 0 1 1 1 0 1 0],"[0.133    0.4      0.275    0.726    0.1      0.3      0.2      0.191
 0.091    0.175    0.166    0.141    0.15     0.258    0.1      0.275
 0.233    0.1      0.225    0.242    0.085624]",0,sb_int-additive_comp-absolute_gbatt-false_gbalt-true_lk-none_inh-distance-dependent,0
8166,39,1,67,filler,,M,0,,5750.0,0.28,0.67,0.78,35,14,12,1,0,2,True,True,True,[1 1 1 1 0 0 2 0 0 2 2 2 2 2 2 1 1 1 1 1 0 0 1],[0 0 0 0 0 0 0 0 1 1 0 0 1 0 1 1 1 1 0 0 1 1 1],"[0.125 0.575 0.5   0.116 0.15  0.208 0.1   0.125 0.208 0.191 0.091 0.325
 0.258 0.183 0.2   0.1   0.108 0.133 0.183 0.258 0.125 0.258 0.158]",0,sb_int-additive_comp-absolute_gbatt-false_gbalt-true_lk-none_inh-distance-dependent,0
8167,39,1,68,attraction,B,L,0,competitor,4750.0,0.72,0.68,0.66,13,14,13,0,2,1,False,False,True,[2 0 0 0 2 2 2 0 1 1 2 0 2 2 1 1 1 2 2 0 0 0],[0 1 1 0 1 1 1 0 0 1 0 1 0 0 1 0 0 0 0 1 0 0],"[0.183 0.1   0.166 0.133 0.141 0.183 0.108 0.3   0.241 0.308 0.25  0.3
 0.15  0.141 0.208 0.133 0.175 0.125 0.116 0.258 0.258 0.091]",2,sb_int-additive_comp-absolute_gbatt-false_gbalt-true_lk-none_inh-distance-dependent,0
8168,39,1,69,attraction,A,L,0,target,3700.0,0.72,0.68,0.7,12,14,11,0,1,2,True,True,True,[1 0 1 1 2 2 2 1 0 1 1 1 0 2 2 2 0],[0 0 0 0 0 0 1 1 1 1 0 0 0 0 0 1 1],"[0.191    0.258    0.133    0.208    0.141    0.208    0.158    0.275
 0.225    0.208    0.141    0.108    0.15     0.141    0.158    0.158
 0.050792]",1,sb_int-additive_comp-absolute_gbatt-false_gbalt-true_lk-none_inh-distance-dependent,0
8169,39,1,70,attraction,B,L,1,target,2630.0,0.78,0.65,0.63,12,15,14,2,0,1,True,True,True,[2 1 1 2 0 2 2 1 1 1 2],[0 0 0 0 0 1 1 1 0 0 0],"[0.125    0.208    0.258    0.233    0.383    0.116    0.133    0.233
 0.091    0.141    0.269984]",0,sb_int-additive_comp-absolute_gbatt-false_gbalt-true_lk-none_inh-distance-dependent,0
8170,39,1,71,attraction,A,R,0,target,6190.0,0.78,0.62,0.76,13,14,12,2,1,0,False,False,True,[2 2 2 2 2 1 1 0 0 0 1 2 2 2 2 0 0 0 1 0 0 0 1 0 0],[0 1 1 0 1 1 1 1 0 0 1 0 1 1 0 1 1 0 0 0 1 1 1 1 1],"[0.375    0.166    0.3      0.25     0.125    0.158    0.091    0.367
 0.216    0.183    0.216    0.225    0.091    0.25     0.216    0.116
 0.292    0.233    0.325    0.133    0.125    0.141    0.275    0.191
 0.115743]",2,sb_int-additive_comp-absolute_gbatt-false_gbalt-true_lk-none_inh-distance-dependent,0
8171,39,1,72,compromise,B,M,2,decoy,3460.0,0.72,0.62,0.55,13,14,17,2,0,1,False,False,False,[2 1 1 1 2 2 0 0 0 2 2 2 1 0 0 2],[1 1 0 0 0 0 0 0 0 0 1 1 1 1 1 1],"[0.183    0.35     0.325    0.158    0.208    0.141    0.175    0.3
 0.133    0.15     0.083    0.216    0.116    0.125    0.116    0.120192]",0,sb_int-additive_comp-absolute_gbatt-false_gbalt-true_lk-none_inh-distance-dependent,0
8172,39,1,73,compromise,B,M,2,decoy,3960.0,0.75,0.62,0.58,12,15,16,0,2,1,True,False,True,[2 0 0 2 2 2 1 1 1 1 1 2 2 0 2 1 1],[0 0 1 1 0 0 0 0 1 0 0 0 0 0 1 1 1],"[0.25     0.291    0.325    0.1      0.1      0.15     0.317    0.108
 0.258    0.1      0.191    0.15     0.15     0.25     0.225    0.083
 0.139155]",1,sb_int-additive_comp-absolute_gbatt-false_gbalt-true_lk-none_inh-distance-dependent,0
8173,39,1,74,filler,,R,0,,3280.0,0.19,0.56,0.8,52,17,12,2,0,1,False,True,True,[2 1 2 2 1 1 1 0 0 0 0 0 0],[0 0 1 1 1 1 0 1 1 0 0 1 1],"[0.183    0.208    0.116    0.333    0.342    0.083    0.208    0.175
 0.25     0.125    0.292    0.091    0.255707]",0,sb_int-additive_comp-absolute_gbatt-false_gbalt-true_lk-none_inh-distance-dependent,0
8174,39,1,75,compromise,B,R,2,decoy,3820.0,0.72,0.65,0.55,12,15,17,1,0,2,True,True,False,[0 0 2 2 0 0 1 0 0 2 0 2 2 0 1],[0 0 1 0 1 1 1 1 0 1 1 1 0 0 0],"[0.133 0.216 0.325 0.166 0.125 0.191 0.191 0.083 0.15  0.292 0.225 0.141
 0.166 0.183 0.333]",0,sb_int-additive_comp-absolute_gbatt-false_gbalt-true_lk-none_inh-distance-dependent,0
8175,39,2,76,attraction,B,M,1,target,4060.0,0.72,0.62,0.6,12,14,13,2,1,0,False,True,True,[1 1 0 0 0 1 2 2 1 1 0 2 1 1 1 2 2],[0 0 1 1 0 1 0 0 0 0 1 1 0 0 1 1 0],"[0.183   0.141   0.141   0.2     0.192   0.242   0.175   0.333   0.158
 0.116   0.225   0.358   0.392   0.108   0.275   0.091   0.04061]",0,sb_int-additive_comp-absolute_gbatt-false_gbalt-true_lk-none_inh-distance-dependent,0
8176,39,2,77,attraction,A,R,1,competitor,3320.0,0.78,0.68,0.76,12,15,11,1,2,0,True,False,True,[0 0 0 2 2 2 2 0 1 1 1 1 0 2],[0 0 0 0 1 0 0 1 0 0 1 1 0 1],"[0.083    0.175    0.108    0.275    0.375    0.1      0.517    0.266
 0.091    0.216    0.091    0.208    0.208    0.187181]",0,sb_int-additive_comp-absolute_gbatt-false_gbalt-true_lk-none_inh-distance-dependent,0
8177,39,2,78,attraction,A,L,1,competitor,4620.0,0.75,0.65,0.73,11,15,10,2,0,1,True,False,True,[2 1 1 1 2 2 2 2 2 0 0 0 2 2 1 1 1 0 0 1],[0 1 0 1 0 0 1 0 0 0 0 1 0 0 1 1 1 1 1 1],"[0.108    0.442    0.325    0.283    0.158    0.158    0.225    0.125
 0.108    0.133    0.2      0.342    0.1      0.208    0.233    0.225
 0.15     0.133    0.175    0.023286]",2,sb_int-additive_comp-absolute_gbatt-false_gbalt-true_lk-none_inh-distance-dependent,0
8178,39,2,79,filler,,L,0,,3220.0,0.27,0.61,0.89,37,16,11,0,1,2,True,False,True,[1 0 1 1 0 0 1 1 2 2 2 2 2 1],[1 0 0 0 0 1 1 1 0 1 1 0 0 1],"[0.166 0.492 0.166 0.158 0.083 0.291 0.225 0.1   0.208 0.125 0.308 0.1
 0.158 0.108]",2,sb_int-additive_comp-absolute_gbatt-false_gbalt-true_lk-none_inh-distance-dependent,0
8179,39,2,80,compromise,A,R,1,competitor,2820.0,0.78,0.62,0.85,12,14,7,0,2,1,True,True,True,[0 2 2 1 1 1 0 1 1 0 1],[0 0 0 0 0 0 0 1 1 1 1],"[0.2      0.216    0.175    0.233    0.3      0.1      0.35     0.116
 0.125    0.25     0.110429]",0,sb_int-additive_comp-absolute_gbatt-false_gbalt-true_lk-none_inh-distance-dependent,0
8180,39,2,81,compromise,B,R,2,decoy,3040.0,0.75,0.62,0.58,12,14,21,1,0,2,True,False,True,[0 1 1 0 0 0 2 2 2 0 0],[0 1 1 0 1 1 0 0 1 1 0],"[0.167    0.216    0.3      0.2      0.258    0.175    0.208    0.2
 0.342    0.158    0.178881]",2,sb_int-additive_comp-absolute_gbatt-false_gbalt-true_lk-none_inh-distance-dependent,0
8181,39,2,82,attraction,B,R,2,decoy,4150.0,0.72,0.65,0.63,12,14,13,1,0,2,False,True,False,[1 0 0 2 2 1 0 1 0 0 2 2 0 0 0 2 2 2],[0 1 1 1 0 1 1 0 0 0 0 1 0 1 1 1 0 0],"[0.333    0.233    0.091    0.083    0.241    0.3      0.25     0.25
 0.1      0.217    0.166    0.342    0.183    0.125    0.166    0.125
 0.1      0.072324]",0,sb_int-additive_comp-absolute_gbatt-false_gbalt-true_lk-none_inh-distance-dependent,0
8182,39,2,83,attraction,B,M,1,target,2840.0,0.75,0.62,0.6,11,15,14,2,1,0,False,False,False,[1 2 1 1 0 0 0 1 2 1 1 1 2],[1 1 1 1 1 0 0 0 0 0 0 1 1],"[0.133    0.3      0.108    0.141    0.216    0.225    0.108    0.158
 0.275    0.216    0.091    0.266    0.104423]",0,sb_int-additive_comp-absolute_gbatt-false_gbalt-true_lk-none_inh-distance-dependent,0
8183,39,2,84,compromise,A,M,0,target,5700.0,0.75,0.68,0.88,11,15,8,1,2,0,True,True,True,[0 0 2 0 0 1 0 0 1 1 1 0 2 2 2 2 0 1 0 1 1],[0 0 0 0 0 0 0 0 0 1 1 1 1 1 0 0 1 1 0 0 1],"[0.175 0.108 0.35  0.133 0.15  0.4   0.166 0.4   0.166 0.3   0.175 0.15
 0.225 0.116 0.141 0.458 0.317 0.166 0.225 0.3   0.225]",2,sb_int-additive_comp-absolute_gbatt-false_gbalt-true_lk-none_inh-distance-dependent,0
8184,39,2,85,compromise,B,L,2,decoy,3620.0,0.72,0.65,0.58,11,15,20,2,1,0,False,False,False,[1 1 2 2 2 2 1 1 0 1 2 2 1],[0 0 0 1 1 0 0 0 0 0 0 1 1],"[0.083    0.1      0.383    0.083    0.208    0.317    0.175    0.175
 0.225    0.183    0.2      0.242    0.220483]",0,sb_int-additive_comp-absolute_gbatt-false_gbalt-true_lk-none_inh-distance-dependent,0
8185,39,2,86,attraction,B,M,0,competitor,4630.0,0.78,0.68,0.66,11,14,13,1,0,2,False,False,True,[0 1 1 1 1 2 2 2 2 0 0 1 1 1 1 0 2 2 2 0],[1 1 0 0 1 0 0 1 1 0 1 1 1 0 1 1 0 0 1 0],"[0.158    0.483    0.133    0.225    0.125    0.225    0.125    0.191
 0.125    0.258    0.283    0.133    0.158    0.208    0.116    0.241
 0.192    0.108    0.25     0.118335]",1,sb_int-additive_comp-absolute_gbatt-false_gbalt-true_lk-none_inh-distance-dependent,0
8186,39,2,87,compromise,B,L,2,decoy,3090.0,0.72,0.65,0.55,11,15,21,2,1,0,False,True,False,[1 1 0 1 1 2 2 2 2 2 0 0 1 1],[0 0 1 1 1 0 1 0 0 0 0 0 1 0],"[0.183    0.275    0.2      0.191    0.091    0.233    0.317    0.091
 0.116    0.141    0.166    0.116    0.267    0.029916]",0,sb_int-additive_comp-absolute_gbatt-false_gbalt-true_lk-none_inh-distance-dependent,0
8187,39,2,88,compromise,B,M,2,decoy,3240.0,0.72,0.68,0.58,11,15,21,2,0,1,False,True,True,[2 2 1 2 2 0 0 2 1 2 2 2],[0 0 0 1 1 1 1 0 1 1 0 0],"[0.158    0.1      0.342    0.133    0.267    0.083    0.225    0.291
 0.266    0.192    0.35     0.029725]",0,sb_int-additive_comp-absolute_gbatt-false_gbalt-true_lk-none_inh-distance-dependent,0
8188,39,2,89,attraction,B,L,1,target,3390.0,0.72,0.62,0.6,12,15,14,2,0,1,False,False,False,[2 2 1 1 2 0 1 1 2 2 2 2 0 1 1],[1 1 0 1 1 1 1 1 1 0 0 0 0 0 1],"[0.116    0.216    0.225    0.242    0.2      0.225    0.125    0.158
 0.116    0.108    0.183    0.125    0.192    0.308    0.064425]",1,sb_int-additive_comp-absolute_gbatt-false_gbalt-true_lk-none_inh-distance-dependent,0
8189,39,2,90,attraction,B,M,0,competitor,7300.0,0.78,0.62,0.6,11,14,13,1,0,2,True,True,False,[0 0 0 1 1 1 1 1 0 0 0 0 2 0 0 1 1 1 1 1 0 1 1 1 0 0 2 2 0 0 0 0 2 0],[1 1 0 0 0 1 0 0 0 0 1 1 0 0 0 0 0 1 1 1 1 1 0 0 0 0 0 1 1 1 0 0 1 0],"[0.091    0.1      0.183    0.083    0.241    0.4      0.133    0.2
 0.108    0.116    0.1      0.125    0.175    0.1      0.108    0.192
 0.241    0.125    0.233    0.2      0.383    0.283    0.116    0.192
 0.125    0.175    0.325    0.266    0.208    0.108    0.2      0.183
 0.15     0.112163]",0,sb_int-additive_comp-absolute_gbatt-false_gbalt-true_lk-none_inh-distance-dependent,0
8190,39,2,91,attraction,B,R,0,competitor,2940.0,0.75,0.68,0.66,11,14,13,2,0,1,False,True,True,[2 1 1 2 2 2 2 2 0 0 0],[0 0 1 1 1 1 0 0 1 0 1],"[0.2      0.425    0.183    0.133    0.158    0.125    0.091    0.166
 0.158    0.283    0.446145]",2,sb_int-additive_comp-absolute_gbatt-false_gbalt-true_lk-none_inh-distance-dependent,0
8191,39,2,92,attraction,B,R,1,target,3170.0,0.78,0.62,0.6,11,15,14,0,2,1,False,False,False,[2 2 2 0 0 0 2 0 0 2 1 1 2],[1 0 0 0 1 1 1 0 0 0 0 1 1],"[0.158 0.15  0.1   0.266 0.125 0.258 0.116 0.15  0.133 0.2   0.325 0.233
 0.241]",0,sb_int-additive_comp-absolute_gbatt-false_gbalt-true_lk-none_inh-distance-dependent,0
8192,39,2,93,attraction,B,M,1,target,4780.0,0.78,0.65,0.63,12,15,14,2,1,0,True,False,False,[1 2 2 1 1 0 0 0 0 2 2 1 1 1 1 2 2 1 0],[1 1 1 1 1 0 1 0 1 0 1 1 0 0 0 1 1 1 0],"[0.216    0.225    0.291    0.175    0.141    0.266    0.283    0.258
 0.342    0.308    0.141    0.216    0.133    0.183    0.191    0.091
 0.183    0.3      0.163582]",1,sb_int-additive_comp-absolute_gbatt-false_gbalt-true_lk-none_inh-distance-dependent,0
8193,39,2,94,compromise,A,R,1,competitor,3120.0,0.78,0.68,0.88,11,15,8,1,2,0,True,True,False,[2 2 0 0 0 0 1 1 1 1 0 0 0 2],[1 1 0 0 1 1 1 0 0 1 1 0 0 1],"[0.158    0.567    0.091    0.225    0.191    0.158    0.191    0.125
 0.191    0.216    0.125    0.1      0.166    0.113413]",1,sb_int-additive_comp-absolute_gbatt-false_gbalt-true_lk-none_inh-distance-dependent,0
8194,39,2,95,attraction,B,R,1,target,6530.0,0.72,0.62,0.6,11,15,14,0,2,1,False,False,True,[0 0 0 2 2 1 2 0 0 0 2 2 1 2 0 1 1 1 1 1 1 2 2 2 1 1 2 2],[0 1 1 0 0 1 0 1 0 0 1 1 0 0 1 1 1 1 0 0 0 1 1 0 1 1 1 1],"[0.158    0.116    0.108    0.367    0.166    0.408    0.15     0.275
 0.225    0.233    0.191    0.2      0.283    0.2      0.175    0.133
 0.108    0.217    0.133    0.15     0.158    0.292    0.083    0.266
 0.175    0.133    0.15     0.142292]",1,sb_int-additive_comp-absolute_gbatt-false_gbalt-true_lk-none_inh-distance-dependent,0
8195,39,2,96,filler,,R,0,,4920.0,0.32,0.6,0.78,31,16,12,2,1,0,False,True,False,[1 1 2 2 2 2 2 1 1 1 1 1 2 1 2 0 0 0 0 0 0],[0 0 1 1 0 0 1 0 0 1 1 0 0 1 1 1 0 0 0 1 1],"[0.158 0.333 0.091 0.133 0.241 0.225 0.083 0.2   0.108 0.166 0.175 0.3
 0.217 0.116 0.116 0.267 0.325 0.208 0.175 0.083 0.283]",2,sb_int-additive_comp-absolute_gbatt-false_gbalt-true_lk-none_inh-distance-dependent,0
8196,39,2,97,attraction,A,L,1,competitor,4820.0,0.72,0.65,0.7,11,15,10,2,0,1,True,False,True,[2 2 2 1 1 1 1 2 2 0 0 0 0 2 2 1 1 2 2 1 0 2],[0 0 0 1 0 1 1 0 0 0 1 1 0 1 1 0 1 0 0 0 1 1],"[0.133    0.125    0.133    0.408    0.3      0.233    0.108    0.15
 0.175    0.183    0.225    0.133    0.267    0.141    0.108    0.208
 0.3      0.116    0.1      0.15     0.15     0.157591]",2,sb_int-additive_comp-absolute_gbatt-false_gbalt-true_lk-none_inh-distance-dependent,0
8197,39,2,98,filler,,M,0,,3250.0,0.28,0.67,0.78,35,14,12,1,2,0,False,True,True,[0 0 1 1 0 2 2 0 0 0 0 2 0],[1 1 0 1 0 1 0 1 1 0 1 0 1],"[0.166    0.133    0.208    0.417    0.208    0.242    0.2      0.1
 0.1      0.25     0.308    0.258    0.035571]",0,sb_int-additive_comp-absolute_gbatt-false_gbalt-true_lk-none_inh-distance-dependent,0
8198,39,2,99,compromise,A,M,1,competitor,9280.0,0.72,0.68,0.82,12,15,7,2,1,0,False,True,False,[1 1 1 1 1 2 1 2 2 2 2 2 1 0 0 0 1 1 2 2 2 2 2 1 1 1 0 0 0 1 1 1],[0 0 1 1 0 1 0 1 0 0 1 1 0 1 0 1 0 0 1 1 0 0 1 0 1 1 1 1 0 1 0 0],"[0.166    0.458    0.15     0.2      0.275    0.567    0.125    0.241
 0.158    0.158    0.308    0.592    0.367    0.166    0.55     0.308
 0.183    0.083    0.534    0.358    0.125    0.308    0.2      0.175
 0.2      0.108    0.091    0.267    0.283    0.15     0.1      0.025612]",1,sb_int-additive_comp-absolute_gbatt-false_gbalt-true_lk-none_inh-distance-dependent,0
8199,39,2,100,compromise,A,M,1,competitor,2740.0,0.78,0.65,0.82,12,14,7,2,1,0,True,True,True,[1 1 0 0 0 2 2 1 1 1 1 0 0],[0 0 0 0 1 0 1 1 1 0 0 0 1],"[0.175   0.15    0.175   0.116   0.2     0.241   0.2     0.183   0.141
 0.2     0.141   0.175   0.08781]",0,sb_int-additive_comp-absolute_gbatt-false_gbalt-true_lk-none_inh-distance-dependent,0
8200,39,2,101,filler,,R,0,,4490.0,0.24,0.37,0.76,41,27,13,2,0,1,False,False,True,[2 1 1 1 1 1 1 2 2 2 2 0 0 0 2 2],[0 1 1 0 0 1 1 1 1 0 0 1 0 1 0 1],"[0.141    0.609    0.125    0.233    0.241    0.225    0.375    0.15
 0.308    0.125    0.166    0.208    0.534    0.283    0.183    0.029283]",0,sb_int-additive_comp-absolute_gbatt-false_gbalt-true_lk-none_inh-distance-dependent,0
8201,39,2,102,filler,,M,0,,6230.0,0.27,0.47,0.86,37,21,11,1,2,0,False,False,True,[2 2 2 2 2 0 0 1 1 0 0 2 2 2 0 0 0 0 2 2 2 0 0 0 0 0],[0 0 0 1 1 0 1 1 0 1 1 0 1 1 1 1 1 0 0 0 0 1 1 1 1 0],"[0.141    0.15     0.25     0.141    0.175    0.217    0.225    0.225
 0.358    0.241    0.308    0.233    0.241    0.108    0.116    0.15
 0.183    0.275    0.1      0.083    0.191    0.158    0.625    0.191
 0.2      0.258754]",2,sb_int-additive_comp-absolute_gbatt-false_gbalt-true_lk-none_inh-distance-dependent,0
8202,39,2,103,compromise,A,M,1,competitor,6990.0,0.75,0.65,0.82,12,15,7,0,1,2,False,True,True,[1 1 0 0 0 0 0 0 0 0 0 0 0 0 0 0 0 1 1 1 1 2 2 2 2 1 1 1 1],[0 0 1 1 1 0 0 0 1 0 0 1 1 0 0 1 1 0 1 0 0 0 0 1 1 1 0 0 1],"[0.175 0.133 0.742 0.458 0.158 0.15  0.208 0.191 0.258 0.133 0.358 0.083
 0.141 0.141 0.108 0.116 0.133 0.225 0.35  0.208 0.125 0.175 0.216 0.183
 0.133 0.2   0.091 0.233 0.083]",1,sb_int-additive_comp-absolute_gbatt-false_gbalt-true_lk-none_inh-distance-dependent,0
8203,39,2,104,compromise,B,L,2,decoy,4550.0,0.72,0.62,0.55,12,14,21,1,2,0,False,True,False,[0 2 2 0 0 0 1 1 1 2 0 0 1 1 2 2 2],[1 1 1 1 0 0 1 1 0 1 0 0 1 0 1 1 0],"[0.217    0.208    0.35     0.4      0.191    0.141    0.158    0.141
 0.216    0.308    0.158    0.158    0.333    0.125    0.141    0.166
 0.261639]",2,sb_int-additive_comp-absolute_gbatt-false_gbalt-true_lk-none_inh-distance-dependent,0
8204,39,2,105,filler,,L,0,,1730.0,0.19,0.56,0.8,52,17,12,0,2,1,False,False,False,[0 2 2 1 2 0 0 0 2],[1 1 1 1 1 1 0 0 0],"[0.2      0.158    0.083    0.1      0.2      0.116    0.091    0.333
 0.031564]",1,sb_int-additive_comp-absolute_gbatt-false_gbalt-true_lk-none_inh-distance-dependent,0
8205,39,2,106,attraction,A,L,1,competitor,4140.0,0.78,0.62,0.76,12,14,11,2,0,1,False,True,False,[1 1 2 2 0 1 0 0 0 0 2 2 1 1 1 2 1 2 2 2 2 1],[1 1 0 0 0 1 0 0 1 1 0 0 1 1 0 0 0 1 1 0 0 1],"[0.15     0.133    0.208    0.108    0.233    0.133    0.141    0.141
 0.317    0.141    0.15     0.158    0.091    0.116    0.141    0.191
 0.175    0.175    0.141    0.1      0.125    0.146903]",0,sb_int-additive_comp-absolute_gbatt-false_gbalt-true_lk-none_inh-distance-dependent,0
8206,39,2,107,attraction,A,M,1,competitor,2440.0,0.78,0.62,0.76,11,15,10,0,1,2,False,False,False,[1 1 0 0 1 1 2 1 0 1 2],[0 0 0 0 0 0 0 1 1 1 1],"[0.141    0.141    0.116    0.2      0.175    0.141    0.2      0.208
 0.166    0.125    0.157922]",2,sb_int-additive_comp-absolute_gbatt-false_gbalt-true_lk-none_inh-distance-dependent,0
8207,39,2,108,compromise,B,R,2,decoy,1630.0,0.72,0.68,0.58,12,14,21,1,0,2,True,False,False,[0 0 1 1 2 2 2],[1 1 1 1 0 0 1],[0.133    0.15     0.141    0.225    0.15     0.317    0.176527],1,sb_int-additive_comp-absolute_gbatt-false_gbalt-true_lk-none_inh-distance-dependent,0
8208,39,2,109,compromise,A,M,2,decoy,5560.0,0.78,0.68,0.82,12,15,8,0,2,1,True,True,True,[2 2 0 0 2 1 1 1 1 2 0 0 2 2 1 2 2 0 2 2 2 2 2],[0 0 0 1 1 1 1 0 0 0 0 1 1 1 1 1 0 0 1 1 0 1 0],"[0.166    0.1      0.125    0.191    0.233    0.266    0.091    0.116
 0.116    0.208    0.233    0.258    0.108    0.183    0.183    0.141
 0.283    0.559    0.091    0.241    0.367    0.4      0.118257]",2,sb_int-additive_comp-absolute_gbatt-false_gbalt-true_lk-none_inh-distance-dependent,0
8209,39,2,110,attraction,A,L,0,target,3110.0,0.75,0.65,0.73,12,15,11,0,1,2,False,True,False,[1 0 0 0 1 1 2 2 1 0 1 2 0 0],[1 0 1 1 1 1 1 1 1 1 0 1 1 0],"[0.242    0.208    0.091    0.408    0.116    0.166    0.125    0.175
 0.2      0.15     0.183    0.325    0.175    0.013086]",0,sb_int-additive_comp-absolute_gbatt-false_gbalt-true_lk-none_inh-distance-dependent,0
8210,39,2,111,filler,,R,0,,2370.0,0.29,0.42,0.72,34,23,13,2,1,0,False,False,True,[2 1 0 1 1 2],[0 1 1 1 0 0],[0.267   0.216   0.408   0.6     0.1     0.08752],0,sb_int-additive_comp-absolute_gbatt-false_gbalt-true_lk-none_inh-distance-dependent,0
8211,39,2,112,filler,,L,0,,2680.0,0.31,0.38,0.85,32,26,11,0,1,2,True,False,True,[1 0 0 0 0 0 1 2 1 2 2],[1 0 0 0 1 1 0 1 0 0 0],"[0.191    0.091    0.383    0.158    0.166    0.1      0.3      0.216
 0.191    0.1      0.179844]",0,sb_int-additive_comp-absolute_gbatt-false_gbalt-true_lk-none_inh-distance-dependent,0
8212,39,2,113,compromise,A,R,1,competitor,4380.0,0.78,0.68,0.88,12,15,7,0,2,1,False,True,True,[2 2 0 2 1 1 1 0 2 2 0 0 1 1 1 1 2],[0 0 1 1 1 0 0 1 0 0 0 1 0 0 1 0 0],"[0.091    0.392    0.609    0.216    0.283    0.1      0.158    0.133
 0.1      0.166    0.308    0.3      0.116    0.191    0.3      0.216
 0.020664]",1,sb_int-additive_comp-absolute_gbatt-false_gbalt-true_lk-none_inh-distance-dependent,0
8213,39,2,114,compromise,A,R,1,competitor,3740.0,0.75,0.62,0.88,11,15,8,0,2,1,False,True,True,[2 2 0 0 0 0 0 0 2 1 1 1 0 0 1 1 1 2 2],[0 0 1 0 0 0 0 1 1 1 0 0 0 0 0 0 1 0 0],"[0.233   0.116   0.216   0.108   0.183   0.091   0.125   0.241   0.216
 0.225   0.258   0.183   0.133   0.133   0.141   0.108   0.208   0.108
 0.06487]",2,sb_int-additive_comp-absolute_gbatt-false_gbalt-true_lk-none_inh-distance-dependent,0
8214,39,2,115,attraction,A,R,0,target,2950.0,0.75,0.65,0.73,12,15,11,2,0,1,True,True,True,[1 2 0 0 2 1 1 2 0 0 1 1 1 0],[0 0 0 0 0 1 1 1 1 1 1 0 0 0],"[0.275    0.208    0.15     0.1      0.091    0.125    0.15     0.233
 0.091    0.158    0.225    0.1      0.191    0.101807]",1,sb_int-additive_comp-absolute_gbatt-false_gbalt-true_lk-none_inh-distance-dependent,0
8215,39,2,116,compromise,B,M,2,decoy,2330.0,0.72,0.62,0.55,12,14,21,0,2,1,True,True,True,[0 2 2 2 0 1 1 1],[0 0 0 1 1 1 1 0],[0.408    0.125    0.408    0.258    0.183    0.116    0.175    0.199625],2,sb_int-additive_comp-absolute_gbatt-false_gbalt-true_lk-none_inh-distance-dependent,0
8216,39,2,117,attraction,B,L,1,target,4700.0,0.78,0.62,0.6,12,15,14,1,0,2,True,False,False,[1 1 0 2 0 2 1 0 0 2 1 1 1 1 2 0 1 0],[1 1 0 1 0 1 0 1 1 0 1 1 0 0 0 1 0 1],"[0.241 0.433 0.091 0.241 0.225 0.158 0.216 0.158 0.2   0.225 0.108 0.45
 0.166 0.133 0.158 0.175 0.166 0.091]",1,sb_int-additive_comp-absolute_gbatt-false_gbalt-true_lk-none_inh-distance-dependent,0
8217,39,2,118,attraction,A,M,1,competitor,3260.0,0.75,0.65,0.73,12,14,11,0,1,2,False,False,False,[0 0 0 0 1 2 1 2 2 0 0 0 1 1],[1 1 0 0 0 0 1 1 1 1 1 0 0 1],"[0.116    0.208    0.166    0.133    0.216    0.225    0.175    0.116
 0.1      0.141    0.208    0.2      0.208    0.063813]",0,sb_int-additive_comp-absolute_gbatt-false_gbalt-true_lk-none_inh-distance-dependent,0
8218,39,2,119,compromise,B,M,2,decoy,4730.0,0.72,0.65,0.52,12,15,20,2,0,1,False,False,False,[2 1 1 2 2 0 2 2 1 1 2 1 1 2 2 2 0 2 2],[1 1 1 1 1 1 1 1 1 1 1 1 0 0 0 0 0 1 1],"[0.158    0.417    0.133    0.116    0.166    0.467    0.108    0.216
 0.325    0.342    0.175    0.108    0.216    0.141    0.208    0.15
 0.183    0.216    0.045025]",1,sb_int-additive_comp-absolute_gbatt-false_gbalt-true_lk-none_inh-distance-dependent,0
8219,39,2,120,compromise,B,R,2,decoy,2160.0,0.78,0.65,0.52,12,14,20,0,1,2,True,False,False,[1 0 0 1 1 1 2 2 2],[1 0 1 0 0 1 1 0 0],"[0.183    0.183    0.3      0.15     0.125    0.175    0.342    0.191
 0.091345]",0,sb_int-additive_comp-absolute_gbatt-false_gbalt-true_lk-none_inh-distance-dependent,0
8220,39,2,121,attraction,A,L,1,competitor,2270.0,0.72,0.65,0.7,11,14,10,1,0,2,False,True,True,[1 1 1 1 0 2 2 2 1],[1 1 0 1 0 1 1 0 0],"[0.183    0.125    0.308    0.141    0.208    0.125    0.15     0.292
 0.272787]",0,sb_int-additive_comp-absolute_gbatt-false_gbalt-true_lk-none_inh-distance-dependent,0
8221,39,2,122,compromise,A,M,1,competitor,1910.0,0.78,0.65,0.82,12,14,8,0,1,2,True,False,False,[0 0 1 1 2 1 1],[0 1 1 1 1 1 0],[0.325    0.217    0.141    0.133    0.283    0.275    0.104094],2,sb_int-additive_comp-absolute_gbatt-false_gbalt-true_lk-none_inh-distance-dependent,0
8222,39,2,123,attraction,A,R,1,competitor,1410.0,0.72,0.62,0.7,12,15,11,1,2,0,True,True,False,[2 2 2 0 0 1 1 1],[0 0 0 0 0 0 1 1],[0.141 0.242 0.1   0.125 0.166 0.108 0.133 0.191],1,sb_int-additive_comp-absolute_gbatt-false_gbalt-true_lk-none_inh-distance-dependent,0
8223,39,2,124,compromise,B,L,2,decoy,1380.0,0.75,0.65,0.55,12,14,20,2,1,0,True,True,False,[2 2 1 0 1 2],[0 0 1 0 1 0],[0.1      0.233    0.325    0.25     0.125    0.045321],2,sb_int-additive_comp-absolute_gbatt-false_gbalt-true_lk-none_inh-distance-dependent,0
8224,39,2,125,attraction,B,R,2,decoy,1930.0,0.78,0.65,0.63,11,15,14,1,0,2,True,False,False,[1 0 0 0 0 2 1 0 2],[0 1 1 0 0 1 0 0 1],"[0.091    0.175    0.108    0.1      0.158    0.25     0.283    0.083
 0.121995]",1,sb_int-additive_comp-absolute_gbatt-false_gbalt-true_lk-none_inh-distance-dependent,0
8225,39,2,126,compromise,A,L,0,target,2180.0,0.72,0.68,0.82,12,15,7,0,2,1,False,False,True,[0 0 0 0 2 1 1 2 0],[0 0 1 1 0 1 0 0 1],"[0.266    0.116    0.1      0.258    0.25     0.216    0.242    0.158
 0.146679]",2,sb_int-additive_comp-absolute_gbatt-false_gbalt-true_lk-none_inh-distance-dependent,0
8226,39,2,127,filler,,M,0,,1840.0,0.19,0.59,0.81,52,16,12,1,0,2,True,True,False,[1 1 1 0 0 2 2],[1 1 1 1 0 1 0],[0.125    0.091    0.1      0.383    0.367    0.208    0.173367],1,sb_int-additive_comp-absolute_gbatt-false_gbalt-true_lk-none_inh-distance-dependent,0
8227,39,2,128,compromise,A,R,1,competitor,2400.0,0.78,0.68,0.85,11,15,7,0,2,1,False,False,False,[0 0 0 0 2 2 1 2 0 2],[0 0 1 1 0 1 1 1 1 1],"[0.125    0.275    0.108    0.216    0.166    0.258    0.308    0.158
 0.233    0.085927]",0,sb_int-additive_comp-absolute_gbatt-false_gbalt-true_lk-none_inh-distance-dependent,0
8228,39,2,129,compromise,B,R,2,decoy,1590.0,0.75,0.68,0.55,11,14,20,0,1,2,True,True,False,[1 0 0 1 2 2 2],[0 0 1 1 1 1 0],[0.175    0.208    0.225    0.216    0.2      0.083    0.141351],2,sb_int-additive_comp-absolute_gbatt-false_gbalt-true_lk-none_inh-distance-dependent,0
8229,39,2,130,attraction,A,R,1,competitor,1400.0,0.78,0.68,0.76,11,15,10,1,2,0,True,True,True,[0 2 2 0 1 1],[0 0 1 1 1 0],[0.1     0.183   0.208   0.225   0.275   0.07016],2,sb_int-additive_comp-absolute_gbatt-false_gbalt-true_lk-none_inh-distance-dependent,0
8230,39,2,131,attraction,B,R,2,decoy,2050.0,0.78,0.65,0.63,12,15,14,1,0,2,False,True,True,[1 1 1 0 0 2 1 2],[1 1 0 0 0 1 0 0],[0.133    0.325    0.342    0.1      0.208    0.283    0.2      0.051567],2,sb_int-additive_comp-absolute_gbatt-false_gbalt-true_lk-none_inh-distance-dependent,0
8231,39,2,132,compromise,A,M,1,competitor,1990.0,0.72,0.65,0.82,12,15,7,2,1,0,False,False,True,[1 2 1 1 0 0 1 1 0 2],[0 0 1 1 0 0 1 1 0 0],"[0.166    0.275    0.15     0.116    0.116    0.125    0.083    0.175
 0.258    0.044783]",2,sb_int-additive_comp-absolute_gbatt-false_gbalt-true_lk-none_inh-distance-dependent,0
8232,39,2,133,compromise,B,R,2,decoy,2230.0,0.72,0.62,0.58,11,14,21,0,1,2,True,True,True,[0 0 0 0 1 2 2 1 2 2],[0 0 1 1 1 1 1 1 1 0],"[0.083   0.442   0.158   0.125   0.225   0.15    0.158   0.133   0.116
 0.14609]",1,sb_int-additive_comp-absolute_gbatt-false_gbalt-true_lk-none_inh-distance-dependent,0
8233,39,2,134,attraction,B,R,2,decoy,2010.0,0.72,0.62,0.6,12,15,14,0,1,2,False,False,True,[1 0 0 1 1 2 1 0 2],[1 1 1 1 1 1 1 1 0],"[0.3      0.1      0.091    0.116    0.166    0.342    0.083    0.116
 0.159275]",2,sb_int-additive_comp-absolute_gbatt-false_gbalt-true_lk-none_inh-distance-dependent,0
8234,39,2,135,attraction,A,M,1,competitor,2500.0,0.72,0.65,0.7,11,15,10,2,1,0,False,False,False,[1 1 2 2 1 0 1 1 2 1],[1 1 1 1 1 1 1 1 1 1],"[0.091    0.133    0.15     0.158    0.275    0.25     0.166    0.108
 0.283    0.420456]",1,sb_int-additive_comp-absolute_gbatt-false_gbalt-true_lk-none_inh-distance-dependent,0
8235,39,2,136,compromise,B,L,2,decoy,1910.0,0.78,0.62,0.55,12,14,21,1,2,0,True,False,False,[0 2 0 0 1 1 0 2],[0 1 0 0 1 0 0 1],[0.2      0.417    0.183    0.116    0.116    0.3      0.108    0.049815],0,sb_int-additive_comp-absolute_gbatt-false_gbalt-true_lk-none_inh-distance-dependent,0
8236,39,2,137,attraction,B,M,2,decoy,2180.0,0.72,0.68,0.66,12,14,13,2,0,1,True,True,True,[2 1 1 2 0 0 2 1 1 2],[0 0 1 1 1 1 1 1 1 1],[0.108 0.283 0.225 0.217 0.141 0.2   0.175 0.166 0.167 0.125],2,sb_int-additive_comp-absolute_gbatt-false_gbalt-true_lk-none_inh-distance-dependent,0
8237,39,2,138,filler,,R,0,,2480.0,0.16,0.46,0.87,62,21,11,2,1,0,False,True,True,[2 2 1 0 0 0 0 0],[0 0 1 0 0 1 1 0],[0.091    0.483    0.292    0.083    0.358    0.166    0.408    0.125523],1,sb_int-additive_comp-absolute_gbatt-false_gbalt-true_lk-none_inh-distance-dependent,0
8238,39,2,139,attraction,B,R,2,decoy,2400.0,0.75,0.65,0.63,11,14,13,0,1,2,True,False,False,[1 2 0 1 2 1 0],[1 1 1 1 1 1 1],[0.325 0.225 0.258 0.233 0.325 0.208 0.216],2,sb_int-additive_comp-absolute_gbatt-false_gbalt-true_lk-none_inh-distance-dependent,0
8239,39,2,140,compromise,B,R,2,decoy,1580.0,0.72,0.68,0.55,11,14,21,0,1,2,False,False,False,[1 0 1 2 1],[1 1 1 1 1],[0.166    0.225    0.3      0.375    0.106749],2,sb_int-additive_comp-absolute_gbatt-false_gbalt-true_lk-none_inh-distance-dependent,0
8240,39,2,141,attraction,A,M,1,competitor,3010.0,0.72,0.65,0.7,12,15,11,0,1,2,False,True,False,[1 0 1 2 1 1 0 0 1 1 1 0 1 2],[0 1 0 1 1 1 1 1 1 1 0 1 0 1],"[0.141    0.175    0.275    0.216    0.108    0.125    0.091    0.158
 0.083    0.225    0.141    0.183    0.166    0.118596]",2,sb_int-additive_comp-absolute_gbatt-false_gbalt-true_lk-none_inh-distance-dependent,0
8241,39,2,142,compromise,A,L,1,competitor,1960.0,0.78,0.62,0.85,11,15,7,2,0,1,False,False,False,[2 1 0 0 2 1 0 0],[1 1 1 1 1 1 1 1],[0.191 0.175 0.125 0.15  0.283 0.417 0.091 0.141],0,sb_int-additive_comp-absolute_gbatt-false_gbalt-true_lk-none_inh-distance-dependent,0
8242,39,2,143,attraction,A,R,1,competitor,2110.0,0.72,0.68,0.7,11,14,10,1,2,0,True,False,True,[2 2 0 1 0 2 2 1],[0 0 1 0 1 0 0 0],[0.15     0.266    0.258    0.325    0.266    0.183    0.141    0.129828],2,sb_int-additive_comp-absolute_gbatt-false_gbalt-true_lk-none_inh-distance-dependent,0
8243,39,2,144,compromise,A,M,1,competitor,2770.0,0.75,0.65,0.85,12,15,8,2,1,0,False,True,False,[1 1 2 1 1 0 1 2 2 0],[1 1 1 1 0 1 1 1 1 1],"[0.175    0.116    0.392    0.417    0.158    0.283    0.292    0.083
 0.125    0.028536]",1,sb_int-additive_comp-absolute_gbatt-false_gbalt-true_lk-none_inh-distance-dependent,0
8244,39,2,145,compromise,B,L,2,decoy,1560.0,0.75,0.62,0.58,11,15,20,2,1,0,False,True,True,[2 2 1 1 0 1 2],[0 0 1 1 0 1 0],[0.3      0.175    0.125    0.15     0.183    0.141    0.018961],0,sb_int-additive_comp-absolute_gbatt-false_gbalt-true_lk-none_inh-distance-dependent,0
8245,39,2,146,compromise,A,L,1,competitor,2710.0,0.75,0.62,0.88,12,15,7,2,0,1,False,False,True,[1 1 1 1 1 1 2 0 1 1 0 0 1],[1 1 1 0 0 1 0 1 0 0 1 1 1],"[0.1      0.233    0.2      0.208    0.108    0.158    0.333    0.291
 0.166    0.183    0.183    0.091    0.031136]",2,sb_int-additive_comp-absolute_gbatt-false_gbalt-true_lk-none_inh-distance-dependent,0
8246,39,2,147,attraction,A,L,1,competitor,1600.0,0.75,0.65,0.73,12,14,11,1,0,2,False,False,True,[1 1 0 0 2 1 1],[1 1 1 1 1 1 1],[0.183    0.316    0.083    0.208    0.325    0.1      0.153326],0,sb_int-additive_comp-absolute_gbatt-false_gbalt-true_lk-none_inh-distance-dependent,0
8247,39,2,148,filler,,R,0,,1850.0,0.32,0.48,0.85,31,20,11,2,1,0,False,True,True,[2 1 0 0 1],[0 1 0 1 0],[0.408    0.241    0.475    0.283    0.039887],1,sb_int-additive_comp-absolute_gbatt-false_gbalt-true_lk-none_inh-distance-dependent,0
8248,39,2,149,attraction,A,R,1,competitor,1890.0,0.75,0.68,0.73,11,14,10,0,2,1,True,False,True,[0 0 0 0 0 2 2 1 1],[0 0 1 1 1 0 0 0 1],"[0.225    0.133    0.091    0.141    0.116    0.166    0.1      0.408
 0.151668]",1,sb_int-additive_comp-absolute_gbatt-false_gbalt-true_lk-none_inh-distance-dependent,0
8249,39,2,150,compromise,B,L,2,decoy,2850.0,0.72,0.68,0.52,12,15,21,2,1,0,False,True,True,[2 1 1 0 2 1 1 2],[0 1 1 0 0 1 1 0],[0.725    0.15     0.133    0.325    0.225    0.141    0.467    0.030272],0,sb_int-additive_comp-absolute_gbatt-false_gbalt-true_lk-none_inh-distance-dependent,0
8250,39,3,151,attraction,A,M,1,competitor,2870.0,0.78,0.68,0.76,13,15,12,2,1,0,True,True,True,[2 1 0 0 1 1 1 2 1 1 0 2],[1 1 1 1 1 0 0 0 1 1 1 1],"[0.325    0.3      0.108    0.116    0.133    0.158    0.1      0.358
 0.133    0.175    0.266    0.077457]",2,sb_int-additive_comp-absolute_gbatt-false_gbalt-true_lk-none_inh-distance-dependent,0
8251,39,3,152,compromise,A,R,1,competitor,1710.0,0.78,0.68,0.82,13,15,11,1,2,0,True,True,True,[0 2 0 1 2 2],[1 1 1 1 1 1],[0.133 0.308 0.242 0.35  0.108 0.225],0,sb_int-additive_comp-absolute_gbatt-false_gbalt-true_lk-none_inh-distance-dependent,0
8252,39,3,153,compromise,B,R,2,decoy,3040.0,0.72,0.68,0.55,12,14,17,1,0,2,True,True,True,[0 1 0 2 2 2 0 0 1 0 0 1 2 2],[1 1 1 1 1 0 1 1 1 1 0 1 1 0],"[0.166    0.242    0.2      0.15     0.241    0.208    0.15     0.141
 0.233    0.141    0.175    0.2      0.308    0.035958]",0,sb_int-additive_comp-absolute_gbatt-false_gbalt-true_lk-none_inh-distance-dependent,0
8253,39,3,154,compromise,A,R,1,competitor,3640.0,0.78,0.68,0.88,12,15,11,1,2,0,True,True,True,[0 0 1 1 1 1 1 1 0 2 2 0 1],[0 1 1 1 0 0 1 1 1 1 1 1 1],"[0.175    0.458    0.158    0.175    0.125    0.2      0.442    0.475
 0.267    0.108    0.233    0.183    0.128772]",2,sb_int-additive_comp-absolute_gbatt-false_gbalt-true_lk-none_inh-distance-dependent,0
8254,39,3,155,compromise,B,R,2,decoy,1890.0,0.72,0.68,0.52,13,15,17,0,1,2,False,True,True,[0 0 0 1 2 2 2],[0 1 1 1 1 1 0],[0.458   0.1     0.216   0.191   0.175   0.175   0.18048],1,sb_int-additive_comp-absolute_gbatt-false_gbalt-true_lk-none_inh-distance-dependent,0
8255,39,3,156,compromise,B,M,2,decoy,1400.0,0.72,0.65,0.52,13,15,16,2,0,1,True,True,True,[1 2 2 0 2],[1 1 1 1 1],[0.225    0.125    0.166    0.317    0.094278],0,sb_int-additive_comp-absolute_gbatt-false_gbalt-true_lk-none_inh-distance-dependent,0
8256,39,3,157,compromise,B,M,2,decoy,2050.0,0.75,0.65,0.55,13,14,16,0,2,1,False,True,False,[0 0 0 2 0 0 2 2 1 1],[0 0 0 0 1 1 0 0 1 1],"[0.141    0.158    0.2      0.116    0.116    0.291    0.108    0.15
 0.208    0.142453]",0,sb_int-additive_comp-absolute_gbatt-false_gbalt-true_lk-none_inh-distance-dependent,0
8257,39,3,158,attraction,B,R,0,competitor,2310.0,0.72,0.65,0.63,13,14,13,2,0,1,False,False,True,[2 1 2 2 1 1 2 0 0 2],[1 0 1 1 0 0 0 1 0 1],"[0.175    0.25     0.15     0.125    0.183    0.091    0.233    0.267
 0.283    0.138525]",0,sb_int-additive_comp-absolute_gbatt-false_gbalt-true_lk-none_inh-distance-dependent,0
8258,39,3,159,attraction,A,M,1,competitor,2430.0,0.78,0.62,0.76,13,14,12,0,1,2,False,True,True,[0 0 0 1 1 2 1 2 2],[0 0 1 1 1 1 1 1 1],[0.125 0.108 0.392 0.183 0.108 0.191 0.2   0.1   0.308],2,sb_int-additive_comp-absolute_gbatt-false_gbalt-true_lk-none_inh-distance-dependent,0
8259,39,3,160,attraction,A,M,2,decoy,1570.0,0.72,0.68,0.7,12,14,11,0,2,1,False,False,True,[0 2 1 1 1],[1 0 1 0 1],[0.258    0.141    0.125    0.408    0.086488],0,sb_int-additive_comp-absolute_gbatt-false_gbalt-true_lk-none_inh-distance-dependent,0
8260,39,3,161,attraction,A,L,1,competitor,1870.0,0.72,0.62,0.7,13,15,12,2,0,1,True,False,False,[1 1 1 2 0 0 1],[1 0 0 0 0 0 1],[0.367    0.083    0.166    0.192    0.125    0.233    0.338419],2,sb_int-additive_comp-absolute_gbatt-false_gbalt-true_lk-none_inh-distance-dependent,0
8261,39,3,162,compromise,A,R,1,competitor,2320.0,0.72,0.68,0.82,13,15,10,1,2,0,False,True,True,[2 0 1 1 1 2 2 0 0 1],[1 0 0 0 1 1 1 0 0 0],"[0.192    0.25     0.125    0.208    0.233    0.125    0.125    0.133
 0.15     0.062515]",2,sb_int-additive_comp-absolute_gbatt-false_gbalt-true_lk-none_inh-distance-dependent,0
8262,39,3,163,filler,,R,0,,3190.0,0.16,0.46,0.87,62,21,11,2,1,0,False,True,True,[1 2 2 1 0 1 0 0 0],[0 0 0 1 0 1 0 1 0],[0.275   0.266   0.951   0.208   0.183   0.141   0.191   0.483   0.08909],2,sb_int-additive_comp-absolute_gbatt-false_gbalt-true_lk-none_inh-distance-dependent,0
8263,39,3,164,compromise,B,L,2,decoy,5360.0,0.75,0.62,0.58,12,15,16,2,1,0,True,True,True,[1 2 2 2 1 0 0 1 1 2 1 0 1 0 1 0 0 2 2 1 1],[0 0 1 1 1 1 0 1 1 1 1 1 1 1 1 1 1 1 1 1 1],"[0.091  0.216  0.133  0.225  0.233  0.35   0.267  0.133  0.183  0.508
 0.216  0.3    0.141  0.083  0.183  0.116  0.392  0.125  0.283  0.158
 0.0327]",0,sb_int-additive_comp-absolute_gbatt-false_gbalt-true_lk-none_inh-distance-dependent,0
8264,39,3,165,attraction,A,M,1,competitor,3350.0,0.75,0.65,0.73,13,15,12,0,1,2,False,False,True,[1 0 0 0 1 0 1 2 1 0 1],[0 0 1 1 1 1 1 1 1 1 1],"[0.125    0.158    0.65     0.258    0.225    0.108    0.108    0.358
 0.233    0.166    0.184282]",0,sb_int-additive_comp-absolute_gbatt-false_gbalt-true_lk-none_inh-distance-dependent,0
8265,39,3,166,compromise,B,R,2,decoy,1420.0,0.78,0.62,0.55,13,14,17,0,1,2,False,False,False,[1 1 0 1 2],[1 1 1 1 1],[0.183 0.1   0.208 0.233 0.358],1,sb_int-additive_comp-absolute_gbatt-false_gbalt-true_lk-none_inh-distance-dependent,0
8266,39,3,167,attraction,B,R,1,target,3250.0,0.72,0.62,0.6,13,15,14,1,2,0,True,True,True,[0 2 2 2 0 0 1 1 0 2 2 0 1 1],[0 0 0 1 1 1 1 0 0 0 0 0 0 1],"[0.258    0.083    0.191    0.2      0.133    0.191    0.3      0.25
 0.2      0.3      0.091    0.166    0.225    0.061156]",2,sb_int-additive_comp-absolute_gbatt-false_gbalt-true_lk-none_inh-distance-dependent,0
8267,39,3,168,compromise,B,M,2,decoy,2410.0,0.72,0.65,0.58,12,15,16,0,2,1,False,True,True,[2 0 0 0 2 1 1 2 2 2],[0 1 0 1 1 1 1 1 1 0],"[0.125    0.183    0.191    0.333    0.333    0.091    0.242    0.116
 0.233    0.060459]",1,sb_int-additive_comp-absolute_gbatt-false_gbalt-true_lk-none_inh-distance-dependent,0
8268,39,3,169,compromise,A,L,1,competitor,6450.0,0.75,0.65,0.85,13,15,11,1,0,2,True,False,True,[0 0 0 0 1 1 0 0 2 2 0 0 0 0 0 0 0 1 1 1 1 0 1 1 0],[1 1 0 0 0 0 0 0 0 1 0 0 0 0 0 0 0 0 0 0 0 0 1 1 1],"[0.108 0.166 0.108 0.158 0.125 0.525 0.125 0.183 0.183 0.417 0.216 0.367
 0.1   0.108 0.108 0.308 0.417 0.233 0.342 0.158 0.191 0.3   0.141 0.183
 0.133]",1,sb_int-additive_comp-absolute_gbatt-false_gbalt-true_lk-none_inh-distance-dependent,0
8269,39,3,170,filler,,L,0,,3220.0,0.29,0.42,0.72,34,23,13,0,1,2,True,True,False,[0 0 1 2 2 2 1 0 0 0 0 0 0],[1 1 1 1 1 0 1 1 1 0 0 0 1],"[0.15    0.266   0.308   0.116   0.408   0.15    0.158   0.258   0.158
 0.1     0.191   0.141   0.05418]",0,sb_int-additive_comp-absolute_gbatt-false_gbalt-true_lk-none_inh-distance-dependent,0
8270,39,3,171,attraction,A,L,1,competitor,3080.0,0.75,0.65,0.73,13,15,12,2,0,1,False,False,True,[1 2 2 2 0 0 0 0 0 0 2 1],[0 0 0 0 1 1 0 0 1 1 0 0],[0.308 0.133 0.533 0.267 0.141 0.133 0.191 0.15  0.091 0.116 0.208 0.108],0,sb_int-additive_comp-absolute_gbatt-false_gbalt-true_lk-none_inh-distance-dependent,0
8271,39,3,172,filler,,L,1,,1070.0,0.32,0.6,0.78,31,16,12,1,0,2,False,True,False,[1 1 1 1],[1 1 0 0],[0.083 0.192 0.15  0.15 ],0,sb_int-additive_comp-absolute_gbatt-false_gbalt-true_lk-none_inh-distance-dependent,0
8272,39,3,173,filler,,L,0,,2860.0,0.31,0.38,0.85,32,26,11,0,1,2,False,True,True,[0 0 0 0 1 1 1 2 2 1 0 0],[1 1 0 0 1 0 0 0 1 1 1 0],"[0.258    0.233    0.15     0.183    0.15     0.191    0.183    0.225
 0.183    0.275    0.292    0.079117]",1,sb_int-additive_comp-absolute_gbatt-false_gbalt-true_lk-none_inh-distance-dependent,0
8273,39,3,174,compromise,A,L,0,target,2940.0,0.78,0.68,0.85,12,15,10,0,2,1,True,True,True,[2 2 0 0 1 1 1 2 0 0 2 2 0 0 1],[0 0 0 0 0 0 1 1 1 1 0 0 0 1 1],"[0.15     0.166    0.266    0.083    0.166    0.15     0.208    0.225
 0.108    0.108    0.083    0.216    0.183    0.183    0.072694]",0,sb_int-additive_comp-absolute_gbatt-false_gbalt-true_lk-none_inh-distance-dependent,0
8274,39,3,175,compromise,A,R,1,competitor,10130.0,0.75,0.65,0.82,13,15,10,1,2,0,True,True,False,[2 2 2 2 0 2 0 0 0 0 0 0 2 0 1 1 1 0 2 2 2 2 0 0 1 1 0 1],[0 0 1 1 0 1 0 0 0 0 0 0 1 0 0 1 1 1 0 0 1 1 0 0 0 1 1 1],"[0.625    0.784    0.342    0.241    0.175    0.784    0.4      0.943
 0.158    0.667    0.425    0.133    0.467    0.383    0.241    0.15
 0.083    0.208    0.116    0.4      0.141    0.141    0.116    0.091
 0.25     0.133    0.292    0.088241]",0,sb_int-additive_comp-absolute_gbatt-false_gbalt-true_lk-none_inh-distance-dependent,0
8275,39,3,176,filler,,M,0,,3980.0,0.24,0.37,0.76,41,27,13,1,2,0,True,False,False,[0 2 0 0 1 1 1 1 1 0 0 2 2 2 0 0 0 0],[0 1 0 0 1 1 0 1 1 1 1 1 0 0 0 0 1 1],"[0.133    0.3      0.15     0.191    0.233    0.141    0.2      0.125
 0.141    0.141    0.183    0.141    0.141    0.158    0.133    0.258
 0.283    0.218959]",2,sb_int-additive_comp-absolute_gbatt-false_gbalt-true_lk-none_inh-distance-dependent,0
8276,39,3,177,filler,,R,0,,3010.0,0.32,0.48,0.85,31,20,11,2,1,0,True,False,True,[1 2 2 1 1 0 0 0 0 0 1 1],[1 0 1 0 0 1 0 0 0 1 1 1],"[0.233    0.208    0.425    0.15     0.133    0.183    0.091    0.358
 0.15     0.258    0.083    0.230782]",1,sb_int-additive_comp-absolute_gbatt-false_gbalt-true_lk-none_inh-distance-dependent,0
8277,39,3,178,compromise,A,R,0,target,2660.0,0.78,0.65,0.82,13,14,10,2,1,0,True,True,True,[1 1 0 0 2 1 1 0 2 0],[0 0 0 0 0 1 1 1 1 0],[0.258 0.083 0.083 0.166 0.225 0.083 0.216 0.25  0.225 0.108],2,sb_int-additive_comp-absolute_gbatt-false_gbalt-true_lk-none_inh-distance-dependent,0
8278,39,3,179,compromise,B,M,2,decoy,1890.0,0.78,0.65,0.52,13,14,16,2,0,1,False,False,True,[1 1 2 2 0 0 2 0],[0 0 0 0 1 1 0 1],[0.158 0.367 0.166 0.108 0.192 0.2   0.183 0.241],0,sb_int-additive_comp-absolute_gbatt-false_gbalt-true_lk-none_inh-distance-dependent,0
8279,39,3,180,attraction,B,R,2,decoy,2140.0,0.78,0.68,0.66,12,14,13,1,0,2,True,True,False,[0 1 0 0 0 1 0 2 2 2],[0 0 0 1 1 1 1 1 1 0],[0.083 0.183 0.383 0.091 0.083 0.2   0.15  0.108 0.1   0.208],0,sb_int-additive_comp-absolute_gbatt-false_gbalt-true_lk-none_inh-distance-dependent,0
8280,39,3,181,filler,,L,0,,1470.0,0.19,0.59,0.81,52,16,12,0,2,1,False,False,False,[0 0 2 0 0 2],[1 1 1 0 0 0],[0.108   0.233   0.116   0.2     0.2     0.15815],0,sb_int-additive_comp-absolute_gbatt-false_gbalt-true_lk-none_inh-distance-dependent,0
8281,39,3,182,attraction,B,R,1,target,4700.0,0.78,0.62,0.6,12,15,14,1,2,0,True,True,False,[2 2 0 0 0 0 1 1 0 1 0 0 2 2 1 1 1 2 2 2 1],[1 1 0 0 1 1 1 0 1 1 1 0 0 0 1 0 0 1 0 0 1],"[0.141 0.216 0.283 0.225 0.15  0.166 0.166 0.266 0.175 0.191 0.083 0.216
 0.191 0.091 0.392 0.083 0.191 0.308 0.083 0.116 0.175]",0,sb_int-additive_comp-absolute_gbatt-false_gbalt-true_lk-none_inh-distance-dependent,0
8282,39,3,183,compromise,A,L,0,target,6690.0,0.78,0.65,0.82,13,14,11,0,1,2,False,True,True,[0 0 1 0 0 0 1 2 1 0 0 1 0 1 2 2 2 1 0 0 0 0 1 1 0 0 0 0],[1 0 1 1 0 0 1 1 0 0 0 1 1 0 0 0 1 1 1 1 0 0 0 1 1 1 0 0],"[0.141    0.208    0.275    0.283    0.158    0.2      0.217    0.125
 0.45     0.15     0.175    0.216    0.233    0.091    0.091    0.292
 0.417    0.267    0.133    0.166    0.166    0.133    0.217    0.192
 0.141    0.166    0.083    0.131137]",0,sb_int-additive_comp-absolute_gbatt-false_gbalt-true_lk-none_inh-distance-dependent,0
8283,39,3,184,compromise,B,R,0,competitor,3160.0,0.72,0.62,0.55,13,14,17,2,0,1,False,True,True,[2 1 2 1 1 1 2 0 0 2 2],[1 0 0 1 0 0 0 1 1 0 0],"[0.133    0.484    0.442    0.258    0.116    0.141    0.133    0.241
 0.267    0.133    0.044334]",0,sb_int-additive_comp-absolute_gbatt-false_gbalt-true_lk-none_inh-distance-dependent,0
8284,39,3,185,attraction,A,L,1,competitor,3810.0,0.75,0.65,0.73,12,15,11,2,0,1,False,False,True,[2 1 1 1 1 2 2 2 0 0 0 2 1 1 2 2 0],[0 1 0 1 1 0 1 1 0 0 1 0 0 0 0 0 1],"[0.175 0.275 0.258 0.133 0.233 0.158 0.216 0.091 0.141 0.216 0.116 0.2
 0.15  0.15  0.158 0.125 0.325]",2,sb_int-additive_comp-absolute_gbatt-false_gbalt-true_lk-none_inh-distance-dependent,0
8285,39,3,186,attraction,B,L,0,competitor,4020.0,0.72,0.68,0.66,13,14,13,0,2,1,False,True,False,[2 0 2 2 2 1 0 0 1 2 2 0 1 2 2 2 0 0],[1 1 1 1 0 0 1 1 0 1 1 0 1 1 1 0 1 0],"[0.091    0.25     0.175    0.158    0.258    0.141    0.133    0.166
 0.225    0.083    0.175    0.408    0.116    0.175    0.091    0.208
 0.191    0.027133]",0,sb_int-additive_comp-absolute_gbatt-false_gbalt-true_lk-none_inh-distance-dependent,0
8286,39,3,187,attraction,B,M,0,competitor,5240.0,0.78,0.62,0.6,13,15,14,1,0,2,True,False,True,[0 1 1 1 1 1 0 0 2 2 2 0 1 0 0 1 0 2 2 0],[0 1 0 0 1 1 1 1 0 0 0 0 0 1 1 1 0 0 0 0],"[0.091    0.509    0.116    0.233    0.383    0.158    0.175    0.191
 0.083    0.175    0.191    0.25     0.141    0.233    0.141    0.275
 0.116    0.133    0.15     0.151122]",0,sb_int-additive_comp-absolute_gbatt-false_gbalt-true_lk-none_inh-distance-dependent,0
8287,39,3,188,attraction,A,R,1,competitor,6510.0,0.72,0.65,0.7,13,15,12,0,2,1,True,False,True,[2 0 2 0 2 2 1 1 1 1 2 2 0 2 2 0 0 2 2 0 1 1 1 1 1 2],[0 0 0 0 1 1 1 1 0 0 0 0 1 1 1 0 1 0 0 1 0 0 1 0 0 1],"[0.183    0.667    0.333    0.116    0.166    0.241    0.15     0.15
 0.158    0.208    0.1      0.191    0.15     0.133    0.141    0.317
 0.308    0.133    0.241    0.125    0.2      0.1      0.392    0.166
 0.25     0.145551]",0,sb_int-additive_comp-absolute_gbatt-false_gbalt-true_lk-none_inh-distance-dependent,0
8288,39,3,189,attraction,A,L,1,competitor,2090.0,0.75,0.68,0.73,12,14,11,1,0,2,False,True,False,[0 0 2 2 0 1 1 1 0 0],[1 1 1 0 0 1 1 0 1 0],"[0.175    0.091    0.15     0.242    0.091    0.15     0.15     0.091
 0.308    0.113628]",1,sb_int-additive_comp-absolute_gbatt-false_gbalt-true_lk-none_inh-distance-dependent,0
8289,39,3,190,attraction,B,M,0,competitor,2850.0,0.78,0.65,0.63,13,15,14,1,2,0,True,False,False,[2 0 1 1 0 2 2 2 0 0 0],[1 0 1 0 1 0 1 1 0 1 1],"[0.175    0.15     0.3      0.108    0.191    0.492    0.2      0.116
 0.15     0.233    0.083927]",1,sb_int-additive_comp-absolute_gbatt-false_gbalt-true_lk-none_inh-distance-dependent,0
8290,39,3,191,attraction,B,R,0,competitor,2840.0,0.72,0.62,0.6,12,15,14,2,1,0,True,False,False,[1 0 0 1 2 2 2 1 1 0 0 0],[1 0 1 0 1 0 0 1 1 0 1 0],"[0.191    0.2      0.208    0.158    0.258    0.2      0.083    0.125
 0.158    0.225    0.25     0.154409]",2,sb_int-additive_comp-absolute_gbatt-false_gbalt-true_lk-none_inh-distance-dependent,0
8291,39,3,192,attraction,A,M,0,target,3640.0,0.78,0.62,0.76,12,15,11,1,0,2,True,False,False,[0 1 1 1 0 2 0 2 2 2 0 0 2 2 0],[0 1 1 0 0 1 1 0 0 1 0 1 0 0 1],"[0.158 0.225 0.2   0.183 0.325 0.091 0.35  0.183 0.108 0.241 0.325 0.225
 0.158 0.108 0.091]",2,sb_int-additive_comp-absolute_gbatt-false_gbalt-true_lk-none_inh-distance-dependent,0
8292,39,3,193,compromise,B,M,2,decoy,4860.0,0.72,0.68,0.58,12,15,17,2,0,1,False,True,False,[1 1 2 2 2 2 0 0 0 0 0 0 2 1 2 0 0],[0 1 0 0 1 1 1 0 1 0 1 0 0 1 1 1 0],"[0.216 0.133 0.133 0.258 0.125 0.158 0.358 0.308 0.225 0.108 0.141 0.166
 0.342 0.158 0.292 0.183 0.2  ]",1,sb_int-additive_comp-absolute_gbatt-false_gbalt-true_lk-none_inh-distance-dependent,0
8293,39,3,194,filler,,L,0,,2180.0,0.27,0.47,0.86,37,21,11,0,1,2,True,False,False,[0 1 1 2 0 0 0 0 1],[0 1 1 1 0 0 0 1 0],[0.2     0.083   0.108   0.175   0.133   0.3     0.083   0.408   0.26601],2,sb_int-additive_comp-absolute_gbatt-false_gbalt-true_lk-none_inh-distance-dependent,0
8294,39,3,195,attraction,B,M,0,competitor,2660.0,0.72,0.62,0.6,13,15,14,1,2,0,False,False,False,[2 0 0 1 1 0 2 2 0 1],[1 1 1 1 0 0 0 1 1 1],"[0.225    0.091    0.158    0.216    0.266    0.233    0.275    0.233
 0.208    0.228322]",1,sb_int-additive_comp-absolute_gbatt-false_gbalt-true_lk-none_inh-distance-dependent,0
8295,39,3,196,attraction,B,M,1,target,3970.0,0.78,0.65,0.63,12,15,14,2,1,0,True,True,False,[1 2 2 2 1 0 0 0 1 1 1 2 2 2 1 1 1 0 0 0],[0 1 1 0 1 1 1 0 1 0 0 1 1 0 1 1 0 1 1 0],"[0.233    0.141    0.183    0.208    0.208    0.116    0.083    0.133
 0.166    0.125    0.116    0.2      0.091    0.2      0.208    0.116
 0.333    0.225    0.15     0.065288]",2,sb_int-additive_comp-absolute_gbatt-false_gbalt-true_lk-none_inh-distance-dependent,0
8296,39,3,197,compromise,A,R,1,competitor,3130.0,0.72,0.65,0.82,13,15,10,0,2,1,False,False,False,[2 2 2 0 0 0 0 2 1 1 1 1 2 0 2],[0 1 1 1 0 0 1 1 1 1 0 0 0 0 0],"[0.217    0.125    0.116    0.3      0.191    0.116    0.108    0.216
 0.133    0.166    0.15     0.158    0.158    0.225    0.142017]",0,sb_int-additive_comp-absolute_gbatt-false_gbalt-true_lk-none_inh-distance-dependent,0
8297,39,3,198,compromise,B,L,1,target,3170.0,0.75,0.68,0.55,12,14,16,2,0,1,False,True,True,[1 0 0 2 1 2 2 0 0 0 1 2 1],[1 0 0 1 1 0 0 0 1 1 0 1 1],"[0.158    0.375    0.308    0.141    0.2      0.141    0.233    0.175
 0.133    0.15     0.283    0.158    0.146956]",2,sb_int-additive_comp-absolute_gbatt-false_gbalt-true_lk-none_inh-distance-dependent,0
8298,39,3,199,compromise,B,M,2,decoy,3010.0,0.72,0.65,0.55,12,15,17,0,2,1,True,False,False,[0 2 1 1 2 0 2 2 2 2 2],[0 1 1 0 0 0 1 0 0 1 1],"[0.208    0.258    0.158    0.125    0.317    0.166    0.5      0.1
 0.166    0.216    0.110411]",2,sb_int-additive_comp-absolute_gbatt-false_gbalt-true_lk-none_inh-distance-dependent,0
8299,39,3,200,attraction,B,R,1,target,1250.0,0.78,0.62,0.6,12,14,13,0,2,1,True,True,True,[2 2 0 1 1],[0 0 0 0 1],[0.083 0.166 0.175 0.241 0.191],2,sb_int-additive_comp-absolute_gbatt-false_gbalt-true_lk-none_inh-distance-dependent,0
8300,39,3,201,attraction,B,R,1,target,2050.0,0.72,0.62,0.6,13,14,13,1,2,0,True,True,True,[2 0 0 1 0 1 1 0 2 2],[1 1 1 1 1 0 0 0 0 1],"[0.2      0.15     0.15     0.292    0.116    0.116    0.133    0.175
 0.233    0.076023]",2,sb_int-additive_comp-absolute_gbatt-false_gbalt-true_lk-none_inh-distance-dependent,0
8301,39,3,202,compromise,B,M,1,target,2130.0,0.75,0.62,0.58,13,14,17,2,1,0,True,False,True,[2 1 0 0 1 1],[0 1 0 1 0 1],[0.241    0.3      0.2      0.175    0.333    0.070576],0,sb_int-additive_comp-absolute_gbatt-false_gbalt-true_lk-none_inh-distance-dependent,0
8302,39,3,203,compromise,B,L,2,decoy,4370.0,0.72,0.68,0.58,13,14,17,2,1,0,True,False,False,[1 2 2 2 1 0 0 1 2 2 2 1 0],[1 1 1 1 1 0 1 0 1 1 0 1 0],"[0.3      0.233    1.234    0.15     0.2      0.191    0.208    0.216
 0.15     0.133    0.367    0.2      0.124045]",1,sb_int-additive_comp-absolute_gbatt-false_gbalt-true_lk-none_inh-distance-dependent,0
8303,39,3,204,filler,,R,0,,3210.0,0.28,0.67,0.78,35,14,12,2,0,1,False,True,False,[2 1 1 2 2 0 0 0 0 0 2 2],[0 1 0 1 1 1 0 0 1 1 0 0],"[0.15     0.191    0.191    0.108    0.116    0.283    0.166    0.45
 0.091    0.292    0.091    0.045382]",1,sb_int-additive_comp-absolute_gbatt-false_gbalt-true_lk-none_inh-distance-dependent,0
8304,39,3,205,compromise,A,R,2,decoy,1870.0,0.78,0.62,0.85,13,14,10,1,0,2,False,False,False,[0 0 2 2 2 0 1 2],[0 0 0 0 1 1 1 1],[0.166    0.15     0.175    0.116    0.225    0.225    0.267    0.128933],2,sb_int-additive_comp-absolute_gbatt-false_gbalt-true_lk-none_inh-distance-dependent,0
8305,39,3,206,compromise,A,R,1,competitor,2010.0,0.75,0.62,0.88,12,15,11,1,2,0,True,True,True,[0 2 0 1 1 1 0 2],[0 0 0 0 0 1 1 1],[0.258    0.35     0.158    0.15     0.116    0.233    0.25     0.076995],1,sb_int-additive_comp-absolute_gbatt-false_gbalt-true_lk-none_inh-distance-dependent,0
8306,39,3,207,compromise,A,M,1,competitor,2250.0,0.78,0.68,0.88,13,15,10,2,1,0,True,True,True,[2 1 0 0 0 0 1 1 2 2 0],[1 1 1 1 0 0 0 1 0 0 0],"[0.233    0.183    0.133    0.108    0.125    0.1      0.358    0.258
 0.125    0.133    0.021431]",2,sb_int-additive_comp-absolute_gbatt-false_gbalt-true_lk-none_inh-distance-dependent,0
8307,39,3,208,attraction,B,L,1,target,4400.0,0.75,0.68,0.66,12,14,13,1,0,2,False,True,True,[1 1 0 2 0 0 1 2 2 1 2 2 2 0 1 1 2],[0 0 0 1 1 1 1 0 0 0 0 1 1 0 0 0 1],"[0.258    0.342    0.216    0.342    0.166    0.141    0.208    0.133
 0.15     0.216    0.233    0.183    0.141    0.183    0.083    0.258
 0.300001]",2,sb_int-additive_comp-absolute_gbatt-false_gbalt-true_lk-none_inh-distance-dependent,0
8308,39,3,209,attraction,A,R,1,competitor,3860.0,0.72,0.65,0.7,12,15,11,1,2,0,False,True,True,[0 2 2 0 1 1 0 2 0 0 2 0 1 1 1],[1 0 1 0 1 1 0 1 1 1 0 1 0 1 0],"[0.133 0.266 0.208 0.283 0.158 0.158 0.283 0.158 0.116 0.116 0.308 0.183
 0.216 0.375 0.208]",2,sb_int-additive_comp-absolute_gbatt-false_gbalt-true_lk-none_inh-distance-dependent,0
8309,39,3,210,compromise,A,L,0,target,2320.0,0.75,0.62,0.88,13,15,10,0,1,2,True,True,True,[1 1 0 2 2 2 1 0],[0 0 0 0 0 1 1 1],[0.091 0.133 0.275 0.175 0.133 0.158 0.2   0.325],2,sb_int-additive_comp-absolute_gbatt-false_gbalt-true_lk-none_inh-distance-dependent,0
8310,39,3,211,compromise,A,R,0,target,2990.0,0.72,0.68,0.82,13,15,10,2,0,1,False,True,False,[2 2 1 1 1 2 2 2 1 2 0 0 0 0],[1 1 0 1 1 0 0 1 0 1 1 0 0 1],"[0.1      0.083    0.166    0.116    0.2      0.15     0.183    0.192
 0.292    0.233    0.283    0.2      0.083    0.246869]",1,sb_int-additive_comp-absolute_gbatt-false_gbalt-true_lk-none_inh-distance-dependent,0
8311,39,3,212,compromise,B,L,0,competitor,2190.0,0.72,0.62,0.58,12,14,17,0,2,1,True,True,False,[2 2 0 0 2 1 1 1],[1 1 0 1 0 1 1 0],[0.15    0.15    0.267   0.116   0.25    0.108   0.116   0.15791],2,sb_int-additive_comp-absolute_gbatt-false_gbalt-true_lk-none_inh-distance-dependent,0
8312,39,3,213,filler,,L,0,,2020.0,0.27,0.61,0.89,37,16,11,0,2,1,True,False,False,[0 0 2 0 0 0 2 1 1],[1 1 0 1 0 0 1 1 0],"[0.166    0.15     0.166    0.191    0.108    0.275    0.2      0.183
 0.166115]",0,sb_int-additive_comp-absolute_gbatt-false_gbalt-true_lk-none_inh-distance-dependent,0
8313,39,3,214,compromise,A,R,1,competitor,2890.0,0.75,0.68,0.88,12,15,11,1,2,0,False,True,True,[2 2 2 0 0 0 0 1 1 1 1 0 0 2 1],[1 1 0 1 1 0 0 1 0 1 1 1 1 0 1],"[0.208    0.208    0.141    0.1      0.158    0.141    0.133    0.166
 0.233    0.141    0.083    0.125    0.125    0.283    0.117945]",1,sb_int-additive_comp-absolute_gbatt-false_gbalt-true_lk-none_inh-distance-dependent,0
8314,39,3,215,attraction,B,R,1,target,5330.0,0.75,0.62,0.6,12,15,14,0,2,1,True,True,True,[2 0 0 0 0 2 1 1 2 2 2 1 1 0 0 0 1 0 2 1 1 1 2],[0 0 0 1 1 1 1 1 1 0 0 0 1 0 0 1 0 0 1 1 0 0 0],"[0.166 0.133 0.2   0.108 0.15  0.208 0.183 0.158 0.133 0.125 0.2   0.283
 0.15  0.15  0.175 0.3   0.233 0.175 0.342 0.192 0.1   0.091 0.2  ]",2,sb_int-additive_comp-absolute_gbatt-false_gbalt-true_lk-none_inh-distance-dependent,0
8315,39,3,216,attraction,A,R,1,competitor,4170.0,0.75,0.65,0.73,13,14,12,1,2,0,True,False,False,[0 0 2 0 0 0 0 2 1 1 1 1 0 0 0 0 0 1 2 1],[0 0 1 0 1 1 1 0 0 0 1 1 1 1 0 1 1 0 0 1],"[0.091    0.091    0.258    0.216    0.1      0.166    0.125    0.141
 0.125    0.15     0.1      0.166    0.233    0.133    0.35     0.175
 0.116    0.141    0.158    0.247144]",2,sb_int-additive_comp-absolute_gbatt-false_gbalt-true_lk-none_inh-distance-dependent,0
8316,39,3,217,compromise,B,L,2,decoy,1730.0,0.72,0.62,0.55,13,14,17,2,1,0,False,False,False,[1 0 0 0 1 2 2],[1 1 0 0 0 0 1],[0.275    0.192    0.208    0.091    0.208    0.292    0.090454],1,sb_int-additive_comp-absolute_gbatt-false_gbalt-true_lk-none_inh-distance-dependent,0
8317,39,3,218,attraction,A,M,0,target,6260.0,0.72,0.65,0.7,12,15,11,1,2,0,True,True,True,[0 0 0 2 2 0 2 0 1 0 2 1 0 0 2 2 0 0 0 0],[0 0 0 0 0 0 0 0 0 0 0 1 1 1 1 1 1 0 0 0],"[0.241    0.083    0.725    0.191    0.208    0.241    0.225    0.216
 0.242    0.166    0.191    0.2      0.083    0.141    0.484    0.166
 0.225    0.15     0.091    0.146449]",2,sb_int-additive_comp-absolute_gbatt-false_gbalt-true_lk-none_inh-distance-dependent,0
8318,39,3,219,filler,,M,0,,1990.0,0.19,0.56,0.8,52,17,12,1,2,0,True,False,False,[0 0 1 0 2 0 0 2],[0 0 1 0 1 1 1 0],[0.116 0.183 0.266 0.25  0.241 0.208 0.125 0.175],0,sb_int-additive_comp-absolute_gbatt-false_gbalt-true_lk-none_inh-distance-dependent,0
8319,39,3,220,attraction,A,L,0,target,1720.0,0.75,0.65,0.73,13,14,12,0,2,1,False,True,True,[2 2 2 1 0 0 0 0],[0 0 0 0 1 0 0 1],[0.116    0.15     0.216    0.241    0.125    0.216    0.15     0.106441],1,sb_int-additive_comp-absolute_gbatt-false_gbalt-true_lk-none_inh-distance-dependent,0
8320,39,3,221,attraction,A,R,1,competitor,1670.0,0.72,0.65,0.7,12,14,11,0,2,1,False,False,False,[2 2 0 2 2 1 1 1 2],[1 1 1 1 1 1 0 0 0],"[0.141    0.091    0.258    0.141    0.125    0.233    0.141    0.125
 0.074997]",2,sb_int-additive_comp-absolute_gbatt-false_gbalt-true_lk-none_inh-distance-dependent,0
8321,39,3,222,attraction,B,L,1,target,7470.0,0.75,0.65,0.63,12,14,13,1,0,2,True,True,False,[0 2 2 0 1 1 0 0 0 2 2 2 0 0 0 1 1 0 0 2 2 2 2 2 1 1 1 1 2 1],[1 0 1 0 0 0 0 0 0 0 0 1 0 1 1 1 0 0 0 1 1 1 1 0 1 0 0 1 1 0],"[0.233    0.2      0.216    0.233    0.4      0.191    0.083    0.133
 0.183    0.192    0.183    0.283    0.083    0.108    0.125    0.258
 0.333    0.25     0.492    0.258    0.15     0.1      0.158    0.291
 0.1      0.108    0.1      0.208    0.308    0.025758]",0,sb_int-additive_comp-absolute_gbatt-false_gbalt-true_lk-none_inh-distance-dependent,0
8322,39,3,223,attraction,B,L,1,target,2390.0,0.78,0.65,0.63,13,15,14,1,0,2,True,True,True,[1 0 0 2 0 1 1 0 2 1],[0 0 0 0 0 0 1 1 1 1],"[0.258    0.158    0.166    0.25     0.133    0.183    0.225    0.2
 0.25     0.128571]",2,sb_int-additive_comp-absolute_gbatt-false_gbalt-true_lk-none_inh-distance-dependent,0
8323,39,3,224,compromise,A,R,2,decoy,1980.0,0.78,0.62,0.85,12,15,10,1,0,2,True,True,True,[0 1 1 0 0 2 2 2 0 0 1],[0 0 0 0 0 0 0 1 1 1 1],"[0.1      0.091    0.158    0.116    0.208    0.116    0.158    0.225
 0.1      0.091    0.196856]",1,sb_int-additive_comp-absolute_gbatt-false_gbalt-true_lk-none_inh-distance-dependent,0
8324,39,3,225,attraction,A,R,0,target,3910.0,0.78,0.68,0.76,12,15,11,2,0,1,False,False,False,[2 0 1 1 2 1 2 0 0 0 2 1 1 2 2 0],[1 1 0 0 0 1 1 1 0 0 0 0 0 1 1 1],"[0.133    0.208    0.125    0.175    0.216    0.208    0.233    0.375
 0.175    0.083    0.3      0.1      0.191    0.125    0.208    0.190723]",2,sb_int-additive_comp-absolute_gbatt-false_gbalt-true_lk-none_inh-distance-dependent,0
